# filename          timestamp[s]         [exposuretime[ms]]
1520621175986840704 1520621175.986840704 1.572491
1520621176036842704 1520621176.036842704 1.572491
1520621176086893757 1520621176.086893757 1.542596
1520621176136830757 1520621176.136830757 1.542596
1520621176186832757 1520621176.186832757 1.542596
1520621176236833757 1520621176.236833757 1.542596
1520621176286835757 1520621176.286835757 1.542596
1520621176336836757 1520621176.336836757 1.542596
1520621176386838757 1520621176.386838757 1.542596
1520621176436839757 1520621176.436839757 1.542596
1520621176486860985 1520621176.486860985 1.581052
1520621176536862985 1520621176.536862985 1.581052
1520621176586863985 1520621176.586863985 1.581052
1520621176636865985 1520621176.636865985 1.581052
1520621176686866985 1520621176.686866985 1.581052
1520621176736868985 1520621176.736868985 1.581052
1520621176786869985 1520621176.786869985 1.581052
1520621176836871985 1520621176.836871985 1.581052
1520621176886877143 1520621176.886877143 1.587368
1520621176936878143 1520621176.936878143 1.587368
1520621176986880143 1520621176.986880143 1.587368
1520621177036882143 1520621177.036882143 1.587368
1520621177086883143 1520621177.086883143 1.587368
1520621177136885143 1520621177.136885143 1.587368
1520621177186887143 1520621177.186887143 1.587368
1520621177236888143 1520621177.236888143 1.587368
1520621177286936669 1520621177.286936669 1.680421
1520621177336937669 1520621177.336937669 1.680421
1520621177386938669 1520621177.386938669 1.680421
1520621177436940669 1520621177.436940669 1.680421
1520621177486941669 1520621177.486941669 1.680421
1520621177536943669 1520621177.536943669 1.680421
1520621177586948669 1520621177.586948669 1.680421
1520621177636946669 1520621177.636946669 1.680421
1520621177686960002 1520621177.686960002 1.699087
1520621177736959002 1520621177.736959002 1.699087
1520621177786961002 1520621177.786961002 1.699087
1520621177836962002 1520621177.836962002 1.699087
1520621177886964002 1520621177.886964002 1.699087
1520621177936965002 1520621177.936965002 1.699087
1520621177986967002 1520621177.986967002 1.699087
1520621178036969002 1520621178.036969002 1.699087
1520621178086983055 1520621178.086983055 1.725192
1520621178136985055 1520621178.136985055 1.725192
1520621178186986055 1520621178.186986055 1.725192
1520621178236988055 1520621178.236988055 1.725192
1520621178286989055 1520621178.286989055 1.725192
1520621178336991055 1520621178.336991055 1.725192
1520621178386992055 1520621178.386992055 1.725192
1520621178436994055 1520621178.436994055 1.725192
1520621178486996055 1520621178.486996055 1.725192
1520621178536998459 1520621178.536998459 1.728
1520621178587000459 1520621178.587000459 1.728
1520621178637001459 1520621178.637001459 1.728
1520621178687003459 1520621178.687003459 1.728
1520621178737005459 1520621178.737005459 1.728
1520621178787006459 1520621178.787006459 1.728
1520621178837007459 1520621178.837007459 1.728
1520621178887009459 1520621178.887009459 1.728
1520621178937018757 1520621178.937018757 1.742596
1520621178987021757 1520621178.987021757 1.742596
1520621179037021757 1520621179.037021757 1.742596
1520621179087022757 1520621179.087022757 1.742596
1520621179137024757 1520621179.137024757 1.742596
1520621179187026757 1520621179.187026757 1.742596
1520621179237027757 1520621179.237027757 1.742596
1520621179287029757 1520621179.287029757 1.742596
1520621179337083634 1520621179.337083634 1.79635
1520621179387059634 1520621179.387059634 1.79635
1520621179437060634 1520621179.437060634 1.79635
1520621179487062634 1520621179.487062634 1.79635
1520621179537063634 1520621179.537063634 1.79635
1520621179587065634 1520621179.587065634 1.79635
1520621179637066634 1520621179.637066634 1.79635
1520621179687068634 1520621179.687068634 1.79635
1520621179737066985 1520621179.737066985 1.789052
1520621179787067985 1520621179.787067985 1.789052
1520621179837069985 1520621179.837069985 1.789052
1520621179887070985 1520621179.887070985 1.789052
1520621179937072985 1520621179.937072985 1.789052
1520621179987073985 1520621179.987073985 1.789052
1520621180037075985 1520621180.037075985 1.789052
1520621180087077985 1520621180.087077985 1.789052
1520621180136997160 1520621180.136997160 1.625403
1520621180186999160 1520621180.186999160 1.625403
1520621180237000160 1520621180.237000160 1.625403
1520621180287002160 1520621180.287002160 1.625403
1520621180337004160 1520621180.337004160 1.625403
1520621180387005160 1520621180.387005160 1.625403
1520621180437007160 1520621180.437007160 1.625403
1520621180487008160 1520621180.487008160 1.625403
1520621180536947844 1520621180.536947844 1.500771
1520621180586949844 1520621180.586949844 1.500771
1520621180636950844 1520621180.636950844 1.500771
1520621180686952844 1520621180.686952844 1.500771
1520621180736953844 1520621180.736953844 1.500771
1520621180786957844 1520621180.786957844 1.500771
1520621180836956844 1520621180.836956844 1.500771
1520621180886958844 1520621180.886958844 1.500771
1520621180936959844 1520621180.936959844 1.500771
1520621180986957897 1520621180.986957897 1.326877
1520621181036875897 1520621181.036875897 1.326877
1520621181086877897 1520621181.086877897 1.326877
1520621181136878897 1520621181.136878897 1.326877
1520621181186880897 1520621181.186880897 1.326877
1520621181236881897 1520621181.236881897 1.326877
1520621181286883897 1520621181.286883897 1.326877
1520621181336885897 1520621181.336885897 1.326877
1520621181387021353 1520621181.387021353 1.595789
1520621181437023353 1520621181.437023353 1.595789
1520621181487024353 1520621181.487024353 1.595789
1520621181537026353 1520621181.537026353 1.595789
1520621181587027353 1520621181.587027353 1.595789
1520621181637029353 1520621181.637029353 1.595789
1520621181687031353 1520621181.687031353 1.595789
1520621181737032353 1520621181.737032353 1.595789
1520621181787099546 1520621181.787099546 1.726175
1520621181837101546 1520621181.837101546 1.726175
1520621181887102546 1520621181.887102546 1.726175
1520621181937104546 1520621181.937104546 1.726175
1520621181987105546 1520621181.987105546 1.726175
1520621182037106546 1520621182.037106546 1.726175
1520621182087109546 1520621182.087109546 1.726175
1520621182137110546 1520621182.137110546 1.726175
1520621182187082371 1520621182.187082371 1.665824
1520621182237083371 1520621182.237083371 1.665824
1520621182287085371 1520621182.287085371 1.665824
1520621182337086371 1520621182.337086371 1.665824
1520621182387087371 1520621182.387087371 1.665824
1520621182437089371 1520621182.437089371 1.665824
1520621182487091371 1520621182.487091371 1.665824
1520621182537092371 1520621182.537092371 1.665824
1520621182587069599 1520621182.587069599 1.61628
1520621182637070599 1520621182.637070599 1.61628
1520621182687072599 1520621182.687072599 1.61628
1520621182737073599 1520621182.737073599 1.61628
1520621182787075599 1520621182.787075599 1.61628
1520621182837076599 1520621182.837076599 1.61628
1520621182887078599 1520621182.887078599 1.61628
1520621182937080599 1520621182.937080599 1.61628
1520621182987081599 1520621182.987081599 1.61628
1520621183037202055 1520621183.037202055 1.853192
1520621183087203055 1520621183.087203055 1.853192
1520621183137205055 1520621183.137205055 1.853192
1520621183187206055 1520621183.187206055 1.853192
1520621183237208055 1520621183.237208055 1.853192
1520621183287210055 1520621183.287210055 1.853192
1520621183337211055 1520621183.337211055 1.853192
1520621183387213055 1520621183.387213055 1.853192
1520621183437263459 1520621183.437263459 1.952
1520621183487265459 1520621183.487265459 1.952
1520621183537267459 1520621183.537267459 1.952
1520621183587268459 1520621183.587268459 1.952
1520621183637270459 1520621183.637270459 1.952
1520621183687271459 1520621183.687271459 1.952
1520621183737273459 1520621183.737273459 1.952
1520621183787274459 1520621183.787274459 1.952
1520621183837821581 1520621183.837821581 3.042245
1520621183887823581 1520621183.887823581 3.042245
1520621183937824581 1520621183.937824581 3.042245
1520621183987825581 1520621183.987825581 3.042245
1520621184037827581 1520621184.037827581 3.042245
1520621184087829581 1520621184.087829581 3.042245
1520621184137830581 1520621184.137830581 3.042245
1520621184187832581 1520621184.187832581 3.042245
1520621184238219248 1520621184.238219248 3.727578
1520621184288178248 1520621184.288178248 3.727578
1520621184338179248 1520621184.338179248 3.727578
1520621184388181248 1520621184.388181248 3.727578
1520621184438182248 1520621184.438182248 3.727578
1520621184488184248 1520621184.488184248 3.727578
1520621184538186248 1520621184.538186248 3.727578
1520621184588187248 1520621184.588187248 3.727578
1520621184638125599 1520621184.638125599 3.60028
1520621184688126599 1520621184.688126599 3.60028
1520621184738128599 1520621184.738128599 3.60028
1520621184788129599 1520621184.788129599 3.60028
1520621184838131599 1520621184.838131599 3.60028
1520621184888133599 1520621184.888133599 3.60028
1520621184938134599 1520621184.938134599 3.60028
1520621184988136599 1520621184.988136599 3.60028
1520621185037559002 1520621185.037559002 2.443087
1520621185087561002 1520621185.087561002 2.443087
1520621185137562002 1520621185.137562002 2.443087
1520621185187564002 1520621185.187564002 2.443087
1520621185237566002 1520621185.237566002 2.443087
1520621185287568002 1520621185.287568002 2.443087
1520621185337569002 1520621185.337569002 2.443087
1520621185387571002 1520621185.387571002 2.443087
1520621185437573002 1520621185.437573002 2.443087
1520621185487186704 1520621185.487186704 1.668491
1520621185537187704 1520621185.537187704 1.668491
1520621185587188704 1520621185.587188704 1.668491
1520621185637190704 1520621185.637190704 1.668491
1520621185687195704 1520621185.687195704 1.668491
1520621185737193704 1520621185.737193704 1.668491
1520621185787195704 1520621185.787195704 1.668491
1520621185837197704 1520621185.837197704 1.668491
1520621185887492002 1520621185.887492002 2.059087
1520621185937395002 1520621185.937395002 2.059087
1520621185987397002 1520621185.987397002 2.059087
1520621186037398002 1520621186.037398002 2.059087
1520621186087400002 1520621186.087400002 2.059087
1520621186137402002 1520621186.137402002 2.059087
1520621186187403002 1520621186.187403002 2.059087
1520621186237405002 1520621186.237405002 2.059087
1520621186287542634 1520621186.287542634 2.33235
1520621186337544634 1520621186.337544634 2.33235
1520621186387545634 1520621186.387545634 2.33235
1520621186437547634 1520621186.437547634 2.33235
1520621186487549634 1520621186.487549634 2.33235
1520621186537550634 1520621186.537550634 2.33235
1520621186587552634 1520621186.587552634 2.33235
1520621186637553634 1520621186.637553634 2.33235
1520621186687118932 1520621186.687118932 1.458947
1520621186737119932 1520621186.737119932 1.458947
1520621186787121932 1520621186.787121932 1.458947
1520621186837123932 1520621186.837123932 1.458947
1520621186887125932 1520621186.887125932 1.458947
1520621186937126932 1520621186.937126932 1.458947
1520621186987127932 1520621186.987127932 1.458947
1520621187037129932 1520621187.037129932 1.458947
1520621187087210108 1520621187.087210108 1.615298
1520621187137211108 1520621187.137211108 1.615298
1520621187187213108 1520621187.187213108 1.615298
1520621187237214108 1520621187.237214108 1.615298
1520621187287216108 1520621187.287216108 1.615298
1520621187337217108 1520621187.337217108 1.615298
1520621187387219108 1520621187.387219108 1.615298
1520621187437220108 1520621187.437220108 1.615298
1520621187487906108 1520621187.487906108 2.983298
1520621187537907108 1520621187.537907108 2.983298
1520621187587909108 1520621187.587909108 2.983298
1520621187637911108 1520621187.637911108 2.983298
1520621187687912108 1520621187.687912108 2.983298
1520621187737914108 1520621187.737914108 2.983298
1520621187787915108 1520621187.787915108 2.983298
1520621187837917108 1520621187.837917108 2.983298
1520621187887918108 1520621187.887918108 2.983298
1520621187938206283 1520621187.938206283 3.555649
1520621187988207283 1520621187.988207283 3.555649
1520621188038209283 1520621188.038209283 3.555649
1520621188088211283 1520621188.088211283 3.555649
1520621188138212283 1520621188.138212283 3.555649
1520621188188214283 1520621188.188214283 3.555649
1520621188238215283 1520621188.238215283 3.555649
1520621188288217283 1520621188.288217283 3.555649
1520621188337701581 1520621188.337701581 2.522245
1520621188387703581 1520621188.387703581 2.522245
1520621188437705581 1520621188.437705581 2.522245
1520621188487706581 1520621188.487706581 2.522245
1520621188537708581 1520621188.537708581 2.522245
1520621188587710581 1520621188.587710581 2.522245
1520621188637711581 1520621188.637711581 2.522245
1520621188687713581 1520621188.687713581 2.522245
1520621188737129108 1520621188.737129108 1.351298
1520621188787131108 1520621188.787131108 1.351298
1520621188837133108 1520621188.837133108 1.351298
1520621188887134108 1520621188.887134108 1.351298
1520621188937136108 1520621188.937136108 1.351298
1520621188987137108 1520621188.987137108 1.351298
1520621189037139108 1520621189.037139108 1.351298
1520621189087140108 1520621189.087140108 1.351298
1520621189137263353 1520621189.137263353 1.491789
1520621189187213353 1520621189.187213353 1.491789
1520621189237214353 1520621189.237214353 1.491789
1520621189287216353 1520621189.287216353 1.491789
1520621189337218353 1520621189.337218353 1.491789
1520621189387219353 1520621189.387219353 1.491789
1520621189437221353 1520621189.437221353 1.491789
1520621189487222353 1520621189.487222353 1.491789
1520621189537683230 1520621189.537683230 2.409543
1520621189587684230 1520621189.587684230 2.409543
1520621189637686230 1520621189.637686230 2.409543
1520621189687688230 1520621189.687688230 2.409543
1520621189737689230 1520621189.737689230 2.409543
1520621189787691230 1520621189.787691230 2.409543
1520621189837692230 1520621189.837692230 2.409543
1520621189887694230 1520621189.887694230 2.409543
1520621189937695230 1520621189.937695230 2.409543
1520621189987427546 1520621189.987427546 1.870175
1520621190037428546 1520621190.037428546 1.870175
1520621190087431546 1520621190.087431546 1.870175
1520621190137433546 1520621190.137433546 1.870175
1520621190187433546 1520621190.187433546 1.870175
1520621190237435546 1520621190.237435546 1.870175
1520621190287437546 1520621190.287437546 1.870175
1520621190337438546 1520621190.337438546 1.870175
1520621190387228266 1520621190.387228266 1.445614
1520621190437230266 1520621190.437230266 1.445614
1520621190487231266 1520621190.487231266 1.445614
1520621190537232266 1520621190.537232266 1.445614
1520621190587234266 1520621190.587234266 1.445614
1520621190637236266 1520621190.637236266 1.445614
1520621190687237266 1520621190.687237266 1.445614
1520621190737238266 1520621190.737238266 1.445614
1520621190787284266 1520621190.787284266 1.533614
1520621190837285266 1520621190.837285266 1.533614
1520621190887287266 1520621190.887287266 1.533614
1520621190937289266 1520621190.937289266 1.533614
1520621190987290266 1520621190.987290266 1.533614
1520621191037292266 1520621191.037292266 1.533614
1520621191087293266 1520621191.087293266 1.533614
1520621191137295266 1520621191.137295266 1.533614
1520621191188118230 1520621191.188118230 3.177543
1520621191238120230 1520621191.238120230 3.177543
1520621191288122230 1520621191.288122230 3.177543
1520621191338123230 1520621191.338123230 3.177543
1520621191388125230 1520621191.388125230 3.177543
1520621191438126230 1520621191.438126230 3.177543
1520621191488128230 1520621191.488128230 3.177543
1520621191538129230 1520621191.538129230 3.177543
1520621191587633967 1520621191.587633967 2.183017
1520621191637634967 1520621191.637634967 2.183017
1520621191687636967 1520621191.687636967 2.183017
1520621191737638967 1520621191.737638967 2.183017
1520621191787640967 1520621191.787640967 2.183017
1520621191837642967 1520621191.837642967 2.183017
1520621191887643967 1520621191.887643967 2.183017
1520621191937644967 1520621191.937644967 2.183017
1520621191987161774 1520621191.987161774 1.212631
1520621192037162774 1520621192.037162774 1.212631
1520621192087164774 1520621192.087164774 1.212631
1520621192137168774 1520621192.137168774 1.212631
1520621192187167774 1520621192.187167774 1.212631
1520621192237169774 1520621192.237169774 1.212631
1520621192287170774 1520621192.287170774 1.212631
1520621192337172774 1520621192.337172774 1.212631
1520621192387178774 1520621192.387178774 1.212631
1520621192437299844 1520621192.437299844 1.460771
1520621192487300844 1520621192.487300844 1.460771
1520621192537302844 1520621192.537302844 1.460771
1520621192587303844 1520621192.587303844 1.460771
1520621192637305844 1520621192.637305844 1.460771
1520621192687306844 1520621192.687306844 1.460771
1520621192737308844 1520621192.737308844 1.460771
1520621192787309844 1520621192.787309844 1.460771
1520621192837384827 1520621192.837384827 1.606736
1520621192887386827 1520621192.887386827 1.606736
1520621192937387827 1520621192.937387827 1.606736
1520621192987389827 1520621192.987389827 1.606736
1520621193037390827 1520621193.037390827 1.606736
1520621193087392827 1520621193.087392827 1.606736
1520621193137393827 1520621193.137393827 1.606736
1520621193187395827 1520621193.187395827 1.606736
1520621193237235353 1520621193.237235353 1.283789
1520621193287237353 1520621193.287237353 1.283789
1520621193337239353 1520621193.337239353 1.283789
1520621193387241353 1520621193.387241353 1.283789
1520621193437242353 1520621193.437242353 1.283789
1520621193487244353 1520621193.487244353 1.283789
1520621193537245353 1520621193.537245353 1.283789
1520621193587246353 1520621193.587246353 1.283789
1520621193637360423 1520621193.637360423 1.507929
1520621193687362423 1520621193.687362423 1.507929
1520621193737363423 1520621193.737363423 1.507929
1520621193787365423 1520621193.787365423 1.507929
1520621193837368423 1520621193.837368423 1.507929
1520621193887368423 1520621193.887368423 1.507929
1520621193937370423 1520621193.937370423 1.507929
1520621193987371423 1520621193.987371423 1.507929
1520621194037374862 1520621194.037374862 1.394807
1520621194087317862 1520621194.087317862 1.394807
1520621194137319862 1520621194.137319862 1.394807
1520621194187320862 1520621194.187320862 1.394807
1520621194237322862 1520621194.237322862 1.394807
1520621194287323862 1520621194.287323862 1.394807
1520621194337325862 1520621194.337325862 1.394807
1520621194387326862 1520621194.387326862 1.394807
1520621194437328862 1520621194.437328862 1.394807
1520621194487551002 1520621194.487551002 1.835087
1520621194537552002 1520621194.537552002 1.835087
1520621194587554002 1520621194.587554002 1.835087
1520621194637555002 1520621194.637555002 1.835087
1520621194687557002 1520621194.687557002 1.835087
1520621194737558002 1520621194.737558002 1.835087
1520621194787560002 1520621194.787560002 1.835087
1520621194837561002 1520621194.837561002 1.835087
1520621194887323002 1520621194.887323002 1.355087
1520621194937325002 1520621194.937325002 1.355087
1520621194987327002 1520621194.987327002 1.355087
1520621195037328002 1520621195.037328002 1.355087
1520621195087329002 1520621195.087329002 1.355087
1520621195137331002 1520621195.137331002 1.355087
1520621195187333002 1520621195.187333002 1.355087
1520621195237334002 1520621195.237334002 1.355087
1520621195287258669 1520621195.287258669 1.200421
1520621195337259669 1520621195.337259669 1.200421
1520621195387261669 1520621195.387261669 1.200421
1520621195437262669 1520621195.437262669 1.200421
1520621195487264669 1520621195.487264669 1.200421
1520621195537266669 1520621195.537266669 1.200421
1520621195587267669 1520621195.587267669 1.200421
1520621195637268669 1520621195.637268669 1.200421
1520621195687228844 1520621195.687228844 1.116771
1520621195737230844 1520621195.737230844 1.116771
1520621195787231844 1520621195.787231844 1.116771
1520621195837233844 1520621195.837233844 1.116771
1520621195887234844 1520621195.887234844 1.116771
1520621195937236844 1520621195.937236844 1.116771
1520621195987237844 1520621195.987237844 1.116771
1520621196037239844 1520621196.037239844 1.116771
1520621196087937213 1520621196.087937213 2.507508
1520621196137938213 1520621196.137938213 2.507508
1520621196187940213 1520621196.187940213 2.507508
1520621196237941213 1520621196.237941213 2.507508
1520621196287943213 1520621196.287943213 2.507508
1520621196337944213 1520621196.337944213 2.507508
1520621196387946213 1520621196.387946213 2.507508
1520621196437947213 1520621196.437947213 2.507508
1520621196487668020 1520621196.487668020 1.945122
1520621196537670020 1520621196.537670020 1.945122
1520621196587671020 1520621196.587671020 1.945122
1520621196637673020 1520621196.637673020 1.945122
1520621196687675020 1520621196.687675020 1.945122
1520621196737676020 1520621196.737676020 1.945122
1520621196787678020 1520621196.787678020 1.945122
1520621196837679020 1520621196.837679020 1.945122
1520621196887681020 1520621196.887681020 1.945122
1520621196937261037 1520621196.937261037 1.103157
1520621196987263037 1520621196.987263037 1.103157
1520621197037264037 1520621197.037264037 1.103157
1520621197087266037 1520621197.087266037 1.103157
1520621197137268037 1520621197.137268037 1.103157
1520621197187269037 1520621197.187269037 1.103157
1520621197237270037 1520621197.237270037 1.103157
1520621197287283037 1520621197.287283037 1.103157
1520621197337572353 1520621197.337572353 1.699789
1520621197387573353 1520621197.387573353 1.699789
1520621197437575353 1520621197.437575353 1.699789
1520621197487576353 1520621197.487576353 1.699789
1520621197537578353 1520621197.537578353 1.699789
1520621197587579353 1520621197.587579353 1.699789
1520621197637581353 1520621197.637581353 1.699789
1520621197687583353 1520621197.687583353 1.699789
1520621197738079932 1520621197.738079932 2.690947
1520621197788081932 1520621197.788081932 2.690947
1520621197838082932 1520621197.838082932 2.690947
1520621197888084932 1520621197.888084932 2.690947
1520621197938085932 1520621197.938085932 2.690947
1520621197988087932 1520621197.988087932 2.690947
1520621198038088932 1520621198.038088932 2.690947
1520621198088090932 1520621198.088090932 2.690947
1520621198137299950 1520621198.137299950 1.104982
1520621198187300950 1520621198.187300950 1.104982
1520621198237302950 1520621198.237302950 1.104982
1520621198287304950 1520621198.287304950 1.104982
1520621198337305950 1520621198.337305950 1.104982
1520621198387307950 1520621198.387307950 1.104982
1520621198437308950 1520621198.437308950 1.104982
1520621198487310950 1520621198.487310950 1.104982
1520621198537610213 1520621198.537610213 1.699508
1520621198587611213 1520621198.587611213 1.699508
1520621198637613213 1520621198.637613213 1.699508
1520621198687614213 1520621198.687614213 1.699508
1520621198737619213 1520621198.737619213 1.699508
1520621198787617213 1520621198.787617213 1.699508
1520621198837619213 1520621198.837619213 1.699508
1520621198887620213 1520621198.887620213 1.699508
1520621198938076108 1520621198.938076108 2.479298
1520621198988013108 1520621198.988013108 2.479298
1520621199038015108 1520621199.038015108 2.479298
1520621199088016108 1520621199.088016108 2.479298
1520621199138018108 1520621199.138018108 2.479298
1520621199188019108 1520621199.188019108 2.479298
1520621199238021108 1520621199.238021108 2.479298
1520621199288023108 1520621199.288023108 2.479298
1520621199338024108 1520621199.338024108 2.479298
1520621199387363371 1520621199.387363371 1.153824
1520621199437364371 1520621199.437364371 1.153824
1520621199487366371 1520621199.487366371 1.153824
1520621199537367371 1520621199.537367371 1.153824
1520621199587369371 1520621199.587369371 1.153824
1520621199637370371 1520621199.637370371 1.153824
1520621199687372371 1520621199.687372371 1.153824
1520621199737374371 1520621199.737374371 1.153824
1520621199787779230 1520621199.787779230 1.961543
1520621199837781230 1520621199.837781230 1.961543
1520621199887783230 1520621199.887783230 1.961543
1520621199937784230 1520621199.937784230 1.961543
1520621199987786230 1520621199.987786230 1.961543
1520621200037788230 1520621200.037788230 1.961543
1520621200087789230 1520621200.087789230 1.961543
1520621200137790230 1520621200.137790230 1.961543
1520621200187697844 1520621200.187697844 1.772771
1520621200237698844 1520621200.237698844 1.772771
1520621200287700844 1520621200.287700844 1.772771
1520621200337702844 1520621200.337702844 1.772771
1520621200387703844 1520621200.387703844 1.772771
1520621200437704844 1520621200.437704844 1.772771
1520621200487706844 1520621200.487706844 1.772771
1520621200537711844 1520621200.537711844 1.772771
1520621200587624862 1520621200.587624862 1.602807
1520621200637626862 1520621200.637626862 1.602807
1520621200687627862 1520621200.687627862 1.602807
1520621200737629862 1520621200.737629862 1.602807
1520621200787630862 1520621200.787630862 1.602807
1520621200837632862 1520621200.837632862 1.602807
1520621200887634862 1520621200.887634862 1.602807
1520621200937635862 1520621200.937635862 1.602807
1520621200987446704 1520621200.987446704 1.220491
1520621201037447704 1520621201.037447704 1.220491
1520621201087449704 1520621201.087449704 1.220491
1520621201137450704 1520621201.137450704 1.220491
1520621201187452704 1520621201.187452704 1.220491
1520621201237453704 1520621201.237453704 1.220491
1520621201287455704 1520621201.287455704 1.220491
1520621201337457704 1520621201.337457704 1.220491
1520621201387450985 1520621201.387450985 1.205052
1520621201437466459 1520621201.437466459 1.232
1520621201487468459 1520621201.487468459 1.232
1520621201537469459 1520621201.537469459 1.232
1520621201587471459 1520621201.587471459 1.232
1520621201637472459 1520621201.637472459 1.232
1520621201687474459 1520621201.687474459 1.232
1520621201737476459 1520621201.737476459 1.232
1520621201787478459 1520621201.787478459 1.232
1520621201837655932 1520621201.837655932 1.586947
1520621201887657932 1520621201.887657932 1.586947
1520621201937662932 1520621201.937662932 1.586947
1520621201987660932 1520621201.987660932 1.586947
1520621202037662932 1520621202.037662932 1.586947
1520621202087663932 1520621202.087663932 1.586947
1520621202137665932 1520621202.137665932 1.586947
1520621202187684932 1520621202.187684932 1.586947
1520621202237794406 1520621202.237794406 1.837894
1520621202287795406 1520621202.287795406 1.837894
1520621202337797406 1520621202.337797406 1.837894
1520621202387798406 1520621202.387798406 1.837894
1520621202437800406 1520621202.437800406 1.837894
1520621202487802406 1520621202.487802406 1.837894
1520621202537803406 1520621202.537803406 1.837894
1520621202587805406 1520621202.587805406 1.837894
1520621202638236862 1520621202.638236862 2.698807
1520621202688238862 1520621202.688238862 2.698807
1520621202738239862 1520621202.738239862 2.698807
1520621202788241862 1520621202.788241862 2.698807
1520621202838242862 1520621202.838242862 2.698807
1520621202888244862 1520621202.888244862 2.698807
1520621202938246862 1520621202.938246862 2.698807
1520621202988247862 1520621202.988247862 2.698807
1520621203038747125 1520621203.038747125 3.693333
1520621203088748125 1520621203.088748125 3.693333
1520621203138750125 1520621203.138750125 3.693333
1520621203188752125 1520621203.188752125 3.693333
1520621203238753125 1520621203.238753125 3.693333
1520621203288755125 1520621203.288755125 3.693333
1520621203338756125 1520621203.338756125 3.693333
1520621203388758125 1520621203.388758125 3.693333
1520621203439355634 1520621203.439355634 4.88435
1520621203489356634 1520621203.489356634 4.88435
1520621203539358634 1520621203.539358634 4.88435
1520621203589359634 1520621203.589359634 4.88435
1520621203639361634 1520621203.639361634 4.88435
1520621203689362634 1520621203.689362634 4.88435
1520621203739364634 1520621203.739364634 4.88435
1520621203789365634 1520621203.789365634 4.88435
1520621203839441634 1520621203.839441634 4.88435
1520621203889507441 1520621203.889507441 5.161964
1520621203939509441 1520621203.939509441 5.161964
1520621203989510441 1520621203.989510441 5.161964
1520621204039512441 1520621204.039512441 5.161964
1520621204089514441 1520621204.089514441 5.161964
1520621204139515441 1520621204.139515441 5.161964
1520621204189517441 1520621204.189517441 5.161964
1520621204239518441 1520621204.239518441 5.161964
1520621204289439388 1520621204.289439388 4.999859
1520621204339440388 1520621204.339440388 4.999859
1520621204389442388 1520621204.389442388 4.999859
1520621204439443388 1520621204.439443388 4.999859
1520621204489445388 1520621204.489445388 4.999859
1520621204539447388 1520621204.539447388 4.999859
1520621204589448388 1520621204.589448388 4.999859
1520621204639450388 1520621204.639450388 4.999859
1520621204689220441 1520621204.689220441 4.537964
1520621204739222441 1520621204.739222441 4.537964
1520621204789224441 1520621204.789224441 4.537964
1520621204839226441 1520621204.839226441 4.537964
1520621204889227441 1520621204.889227441 4.537964
1520621204939228441 1520621204.939228441 4.537964
1520621204989230441 1520621204.989230441 4.537964
1520621205039232441 1520621205.039232441 4.537964
1520621205088907266 1520621205.088907266 3.885614
1520621205138909266 1520621205.138909266 3.885614
1520621205188910266 1520621205.188910266 3.885614
1520621205238912266 1520621205.238912266 3.885614
1520621205288913266 1520621205.288913266 3.885614
1520621205338915266 1520621205.338915266 3.885614
1520621205388916266 1520621205.388916266 3.885614
1520621205438918266 1520621205.438918266 3.885614
1520621205488816388 1520621205.488816388 3.679859
1520621205538818388 1520621205.538818388 3.679859
1520621205588819388 1520621205.588819388 3.679859
1520621205638821388 1520621205.638821388 3.679859
1520621205688823388 1520621205.688823388 3.679859
1520621205738824388 1520621205.738824388 3.679859
1520621205788826388 1520621205.788826388 3.679859
1520621205838827388 1520621205.838827388 3.679859
1520621205889071844 1520621205.889071844 4.164771
1520621205939072844 1520621205.939072844 4.164771
1520621205989074844 1520621205.989074844 4.164771
1520621206039075844 1520621206.039075844 4.164771
1520621206089077844 1520621206.089077844 4.164771
1520621206139079844 1520621206.139079844 4.164771
1520621206189080844 1520621206.189080844 4.164771
1520621206239082844 1520621206.239082844 4.164771
1520621206289083844 1520621206.289083844 4.164771
1520621206339902125 1520621206.339902125 5.797333
1520621206389903125 1520621206.389903125 5.797333
1520621206439906125 1520621206.439906125 5.797333
1520621206489907125 1520621206.489907125 5.797333
1520621206539908125 1520621206.539908125 5.797333
1520621206589911125 1520621206.589911125 5.797333
1520621206639912125 1520621206.639912125 5.797333
1520621206689913125 1520621206.689913125 5.797333
1520621206741336792 1520621206.741336792 8.642666
1520621206791338792 1520621206.791338792 8.642666
1520621206841340792 1520621206.841340792 8.642666
1520621206891341792 1520621206.891341792 8.642666
1520621206941344792 1520621206.941344792 8.642666
1520621206991344792 1520621206.991344792 8.642666
1520621207041346792 1520621207.041346792 8.642666
1520621207091377792 1520621207.091377792 8.642666
1520621207141373020 1520621207.141373020 8.689122
1520621207191374020 1520621207.191374020 8.689122
1520621207241376020 1520621207.241376020 8.689122
1520621207291378020 1520621207.291378020 8.689122
1520621207341379020 1520621207.341379020 8.689122
1520621207391381020 1520621207.391381020 8.689122
1520621207441382020 1520621207.441382020 8.689122
1520621207491384020 1520621207.491384020 8.689122
1520621207540075266 1520621207.540075266 6.069614
1520621207590077266 1520621207.590077266 6.069614
1520621207640079266 1520621207.640079266 6.069614
1520621207690080266 1520621207.690080266 6.069614
1520621207740082266 1520621207.740082266 6.069614
1520621207790083266 1520621207.790083266 6.069614
1520621207840085266 1520621207.840085266 6.069614
1520621207890086266 1520621207.890086266 6.069614
1520621207939125108 1520621207.939125108 4.143298
1520621207989126108 1520621207.989126108 4.143298
1520621208039128108 1520621208.039128108 4.143298
1520621208089130108 1520621208.089130108 4.143298
1520621208139131108 1520621208.139131108 4.143298
1520621208189134108 1520621208.189134108 4.143298
1520621208239135108 1520621208.239135108 4.143298
1520621208289136108 1520621208.289136108 4.143298
1520621208340983722 1520621208.340983722 7.834526
1520621208390984722 1520621208.390984722 7.834526
1520621208440986722 1520621208.440986722 7.834526
1520621208490987722 1520621208.490987722 7.834526
1520621208540992722 1520621208.540992722 7.834526
1520621208590990722 1520621208.590990722 7.834526
1520621208640996722 1520621208.640996722 7.834526
1520621208690993722 1520621208.690993722 7.834526
1520621208741080722 1520621208.741080722 7.834526
1520621208794712230 1520621208.794712230 15.265543
1520621208844714230 1520621208.844714230 15.265543
1520621208894716230 1520621208.894716230 15.265543
1520621208944717230 1520621208.944717230 15.265543
1520621208994719230 1520621208.994719230 15.265543
1520621209044720230 1520621209.044720230 15.265543
1520621209094722230 1520621209.094722230 15.265543
1520621209144723230 1520621209.144723230 15.265543
1520621209194502143 1520621209.194502143 14.819368
1520621209244504143 1520621209.244504143 14.819368
1520621209294505143 1520621209.294505143 14.819368
1520621209344507143 1520621209.344507143 14.819368
1520621209394508143 1520621209.394508143 14.819368
1520621209444510143 1520621209.444510143 14.819368
1520621209494511143 1520621209.494511143 14.819368
1520621209544513143 1520621209.544513143 14.819368
1520621209593272809 1520621209.593272809 12.336701
1520621209643274809 1520621209.643274809 12.336701
1520621209693276809 1520621209.693276809 12.336701
1520621209743277809 1520621209.743277809 12.336701
1520621209793279809 1520621209.793279809 12.336701
1520621209843281809 1520621209.843281809 12.336701
1520621209893283809 1520621209.893283809 12.336701
1520621209943284809 1520621209.943284809 12.336701
1520621209989825476 1520621209.989825476 5.414035
1520621210039826476 1520621210.039826476 5.414035
1520621210089827476 1520621210.089827476 5.414035
1520621210139829476 1520621210.139829476 5.414035
1520621210189831476 1520621210.189831476 5.414035
1520621210239832476 1520621210.239832476 5.414035
1520621210289833476 1520621210.289833476 5.414035
1520621210339835476 1520621210.339835476 5.414035
1520621210389513318 1520621210.389513318 4.767719
1520621210439515318 1520621210.439515318 4.767719
1520621210489517318 1520621210.489517318 4.767719
1520621210539518318 1520621210.539518318 4.767719
1520621210589520318 1520621210.589520318 4.767719
1520621210639521318 1520621210.639521318 4.767719
1520621210689523318 1520621210.689523318 4.767719
1520621210739524318 1520621210.739524318 4.767719
1520621210789526318 1520621210.789526318 4.767719
1520621210842194336 1520621210.842194336 10.101754
1520621210892196336 1520621210.892196336 10.101754
1520621210942198336 1520621210.942198336 10.101754
1520621210992199336 1520621210.992199336 10.101754
1520621211042201336 1520621211.042201336 10.101754
1520621211092202336 1520621211.092202336 10.101754
1520621211142204336 1520621211.142204336 10.101754
1520621211192205336 1520621211.192205336 10.101754
1520621211239849230 1520621211.239849230 5.385543
1520621211289851230 1520621211.289851230 5.385543
1520621211339853230 1520621211.339853230 5.385543
1520621211389854230 1520621211.389854230 5.385543
1520621211439856230 1520621211.439856230 5.385543
1520621211489857230 1520621211.489857230 5.385543
1520621211539859230 1520621211.539859230 5.385543
1520621211589860230 1520621211.589860230 5.385543
1520621211641172967 1520621211.641172967 8.007017
1520621211691173967 1520621211.691173967 8.007017
1520621211741175967 1520621211.741175967 8.007017
1520621211791177967 1520621211.791177967 8.007017
1520621211841178967 1520621211.841178967 8.007017
1520621211891179967 1520621211.891179967 8.007017
1520621211941181967 1520621211.941181967 8.007017
1520621211991218967 1520621211.991218967 8.007017
1520621212046808195 1520621212.046808195 19.253473
1520621212096810195 1520621212.096810195 19.253473
1520621212146811195 1520621212.146811195 19.253473
1520621212196813195 1520621212.196813195 19.253473
1520621212246814195 1520621212.246814195 19.253473
1520621212296816195 1520621212.296816195 19.253473
1520621212346817195 1520621212.346817195 19.253473
1520621212396819195 1520621212.396819195 19.253473
1520621212446821195 1520621212.446821195 19.253473
1520621212496822195 1520621212.496822195 19.253473
1520621212546824195 1520621212.546824195 19.253473
1520621212596825195 1520621212.596825195 19.253473
1520621212646827195 1520621212.646827195 19.253473
1520621212696828195 1520621212.696828195 19.253473
1520621212746830195 1520621212.746830195 19.253473
1520621212796831195 1520621212.796831195 19.253473
1520621212845879230 1520621212.845879230 17.345543
1520621212895881230 1520621212.895881230 17.345543
1520621212945882230 1520621212.945882230 17.345543
1520621212995884230 1520621212.995884230 17.345543
1520621213045886230 1520621213.045886230 17.345543
1520621213095887230 1520621213.095887230 17.345543
1520621213145889230 1520621213.145889230 17.345543
1520621213195891230 1520621213.195891230 17.345543
1520621213245892230 1520621213.245892230 17.345543
1520621213292091757 1520621213.292091757 9.742596
1520621213342093757 1520621213.342093757 9.742596
1520621213392095757 1520621213.392095757 9.742596
1520621213442098757 1520621213.442098757 9.742596
1520621213492098757 1520621213.492098757 9.742596
1520621213542099757 1520621213.542099757 9.742596
1520621213592101757 1520621213.592101757 9.742596
1520621213642190757 1520621213.642190757 9.742596
1520621213689566581 1520621213.689566581 4.666245
1520621213739567581 1520621213.739567581 4.666245
1520621213789569581 1520621213.789569581 4.666245
1520621213839570581 1520621213.839570581 4.666245
1520621213889572581 1520621213.889572581 4.666245
1520621213939573581 1520621213.939573581 4.666245
1520621213989575581 1520621213.989575581 4.666245
1520621214039576581 1520621214.039576581 4.666245
1520621214090558651 1520621214.090558651 6.626385
1520621214140560651 1520621214.140560651 6.626385
1520621214190561651 1520621214.190561651 6.626385
1520621214240563651 1520621214.240563651 6.626385
1520621214290564651 1520621214.290564651 6.626385
1520621214340566651 1520621214.340566651 6.626385
1520621214390567651 1520621214.390567651 6.626385
1520621214440569651 1520621214.440569651 6.626385
1520621214491317125 1520621214.491317125 8.117333
1520621214541318125 1520621214.541318125 8.117333
1520621214591320125 1520621214.591320125 8.117333
1520621214641322125 1520621214.641322125 8.117333
1520621214691323125 1520621214.691323125 8.117333
1520621214741324125 1520621214.741324125 8.117333
1520621214791326125 1520621214.791326125 8.117333
1520621214841328125 1520621214.841328125 8.117333
1520621214889594809 1520621214.889594809 4.648701
1520621214939596809 1520621214.939596809 4.648701
1520621214989597809 1520621214.989597809 4.648701
1520621215039599809 1520621215.039599809 4.648701
1520621215089601809 1520621215.089601809 4.648701
1520621215139602809 1520621215.139602809 4.648701
1520621215189603809 1520621215.189603809 4.648701
1520621215239605809 1520621215.239605809 4.648701
1520621215290770336 1520621215.290770336 6.973754
1520621215340771336 1520621215.340771336 6.973754
1520621215390773336 1520621215.390773336 6.973754
1520621215440774336 1520621215.440774336 6.973754
1520621215490776336 1520621215.490776336 6.973754
1520621215540777336 1520621215.540777336 6.973754
1520621215590779336 1520621215.590779336 6.973754
1520621215640780336 1520621215.640780336 6.973754
1520621215690782336 1520621215.690782336 6.973754
1520621215743358722 1520621215.743358722 12.122526
1520621215793359722 1520621215.793359722 12.122526
1520621215843361722 1520621215.843361722 12.122526
1520621215893362722 1520621215.893362722 12.122526
1520621215943364722 1520621215.943364722 12.122526
1520621215993366722 1520621215.993366722 12.122526
1520621216043367722 1520621216.043367722 12.122526
1520621216093369722 1520621216.093369722 12.122526
1520621216144752546 1520621216.144752546 14.886175
1520621216194754546 1520621216.194754546 14.886175
1520621216244756546 1520621216.244756546 14.886175
1520621216294757546 1520621216.294757546 14.886175
1520621216344759546 1520621216.344759546 14.886175
1520621216394760546 1520621216.394760546 14.886175
1520621216444762546 1520621216.444762546 14.886175
1520621216494764546 1520621216.494764546 14.886175
1520621216545743932 1520621216.545743932 16.842947
1520621216595744932 1520621216.595744932 16.842947
1520621216645746932 1520621216.645746932 16.842947
1520621216695747932 1520621216.695747932 16.842947
1520621216745749932 1520621216.745749932 16.842947
1520621216795751932 1520621216.795751932 16.842947
1520621216845752932 1520621216.845752932 16.842947
1520621216895785932 1520621216.895785932 16.842947
1520621216942623441 1520621216.942623441 10.577964
1520621216992625441 1520621216.992625441 10.577964
1520621217042626441 1520621217.042626441 10.577964
1520621217092628441 1520621217.092628441 10.577964
1520621217142629441 1520621217.142629441 10.577964
1520621217192631441 1520621217.192631441 10.577964
1520621217242632441 1520621217.242632441 10.577964
1520621217292634441 1520621217.292634441 10.577964
1520621217339955599 1520621217.339955599 5.21628
1520621217389956599 1520621217.389956599 5.21628
1520621217439958599 1520621217.439958599 5.21628
1520621217489959599 1520621217.489959599 5.21628
1520621217539961599 1520621217.539961599 5.21628
1520621217589962599 1520621217.589962599 5.21628
1520621217639964599 1520621217.639964599 5.21628
1520621217689966599 1520621217.689966599 5.21628
1520621217739967599 1520621217.739967599 5.21628
1520621217789757037 1520621217.789757037 4.791157
1520621217839759037 1520621217.839759037 4.791157
1520621217889760037 1520621217.889760037 4.791157
1520621217939762037 1520621217.939762037 4.791157
1520621217989763037 1520621217.989763037 4.791157
1520621218039765037 1520621218.039765037 4.791157
1520621218089767037 1520621218.089767037 4.791157
1520621218139768037 1520621218.139768037 4.791157
1520621218191467143 1520621218.191467143 8.187368
1520621218241469143 1520621218.241469143 8.187368
1520621218291471143 1520621218.291471143 8.187368
1520621218341472143 1520621218.341472143 8.187368
1520621218391473143 1520621218.391473143 8.187368
1520621218441478143 1520621218.441478143 8.187368
1520621218491477143 1520621218.491477143 8.187368
1520621218541555143 1520621218.541555143 8.187368
1520621218592033757 1520621218.592033757 9.294596
1520621218642034757 1520621218.642034757 9.294596
1520621218692036757 1520621218.692036757 9.294596
1520621218742037757 1520621218.742037757 9.294596
1520621218792039757 1520621218.792039757 9.294596
1520621218842040757 1520621218.842040757 9.294596
1520621218892042757 1520621218.892042757 9.294596
1520621218942044757 1520621218.942044757 9.294596
1520621218992210669 1520621218.992210669 9.624421
1520621219042212669 1520621219.042212669 9.624421
1520621219092213669 1520621219.092213669 9.624421
1520621219142215669 1520621219.142215669 9.624421
1520621219192216669 1520621219.192216669 9.624421
1520621219242218669 1520621219.242218669 9.624421
1520621219292220669 1520621219.292220669 9.624421
1520621219342221669 1520621219.342221669 9.624421
1520621219392391880 1520621219.392391880 9.960842
1520621219442392880 1520621219.442392880 9.960842
1520621219492394880 1520621219.492394880 9.960842
1520621219542396880 1520621219.542396880 9.960842
1520621219592397880 1520621219.592397880 9.960842
1520621219642399880 1520621219.642399880 9.960842
1520621219692401880 1520621219.692401880 9.960842
1520621219742403880 1520621219.742403880 9.960842
1520621219792104669 1520621219.792104669 9.360421
1520621219842105669 1520621219.842105669 9.360421
1520621219892106669 1520621219.892106669 9.360421
1520621219942108669 1520621219.942108669 9.360421
1520621219992109669 1520621219.992109669 9.360421
1520621220042111669 1520621220.042111669 9.360421
1520621220092113669 1520621220.092113669 9.360421
1520621220142115669 1520621220.142115669 9.360421
1520621220192116669 1520621220.192116669 9.360421
1520621220241387634 1520621220.241387634 7.90035
1520621220291389634 1520621220.291389634 7.90035
1520621220341390634 1520621220.341390634 7.90035
1520621220391392634 1520621220.391392634 7.90035
1520621220441393634 1520621220.441393634 7.90035
1520621220491395634 1520621220.491395634 7.90035
1520621220541397634 1520621220.541397634 7.90035
1520621220591398634 1520621220.591398634 7.90035
1520621220640558809 1520621220.640558809 6.216701
1520621220690559809 1520621220.690559809 6.216701
1520621220740561809 1520621220.740561809 6.216701
1520621220790562809 1520621220.790562809 6.216701
1520621220840564809 1520621220.840564809 6.216701
1520621220890566809 1520621220.890566809 6.216701
1520621220940567809 1520621220.940567809 6.216701
1520621220990569809 1520621220.990569809 6.216701
1520621221040087529 1520621221.040087529 5.24814
1520621221090088529 1520621221.090088529 5.24814
1520621221140090529 1520621221.140090529 5.24814
1520621221190092529 1520621221.190092529 5.24814
1520621221240093529 1520621221.240093529 5.24814
1520621221290095529 1520621221.290095529 5.24814
1520621221340096529 1520621221.340096529 5.24814
1520621221390097529 1520621221.390097529 5.24814
1520621221439969423 1520621221.439969423 4.987929
1520621221489970423 1520621221.489970423 4.987929
1520621221539974423 1520621221.539974423 4.987929
1520621221589974423 1520621221.589974423 4.987929
1520621221639976423 1520621221.639976423 4.987929
1520621221689977423 1520621221.689977423 4.987929
1520621221739978423 1520621221.739978423 4.987929
1520621221789995423 1520621221.789995423 4.987929
1520621221840135108 1520621221.840135108 5.295298
1520621221890137108 1520621221.890137108 5.295298
1520621221940138108 1520621221.940138108 5.295298
1520621221990140108 1520621221.990140108 5.295298
1520621222040141108 1520621222.040141108 5.295298
1520621222090143108 1520621222.090143108 5.295298
1520621222140145108 1520621222.140145108 5.295298
1520621222190146108 1520621222.190146108 5.295298
1520621222240148108 1520621222.240148108 5.295298
1520621222290794651 1520621222.290794651 6.586385
1520621222340796651 1520621222.340796651 6.586385
1520621222390797651 1520621222.390797651 6.586385
1520621222440799651 1520621222.440799651 6.586385
1520621222490801651 1520621222.490801651 6.586385
1520621222540802651 1520621222.540802651 6.586385
1520621222590804651 1520621222.590804651 6.586385
1520621222640805651 1520621222.640805651 6.586385
1520621222691697476 1520621222.691697476 8.366035
1520621222741699476 1520621222.741699476 8.366035
1520621222791701476 1520621222.791701476 8.366035
1520621222841702476 1520621222.841702476 8.366035
1520621222891704476 1520621222.891704476 8.366035
1520621222941705476 1520621222.941705476 8.366035
1520621222991707476 1520621222.991707476 8.366035
1520621223041708476 1520621223.041708476 8.366035
1520621223092838880 1520621223.092838880 10.624842
1520621223142840880 1520621223.142840880 10.624842
1520621223192841880 1520621223.192841880 10.624842
1520621223242844880 1520621223.242844880 10.624842
1520621223292845880 1520621223.292845880 10.624842
1520621223342846880 1520621223.342846880 10.624842
1520621223392848880 1520621223.392848880 10.624842
1520621223442908880 1520621223.442908880 10.624842
1520621223494982546 1520621223.494982546 14.886175
1520621223544983546 1520621223.544983546 14.886175
1520621223594985546 1520621223.594985546 14.886175
1520621223644986546 1520621223.644986546 14.886175
1520621223694988546 1520621223.694988546 14.886175
1520621223744990546 1520621223.744990546 14.886175
1520621223794991546 1520621223.794991546 14.886175
1520621223844993546 1520621223.844993546 14.886175
1520621223896676651 1520621223.896676651 18.250385
1520621223946678651 1520621223.946678651 18.250385
1520621223996679651 1520621223.996679651 18.250385
1520621224046681651 1520621224.046681651 18.250385
1520621224096683651 1520621224.096683651 18.250385
1520621224146684651 1520621224.146684651 18.250385
1520621224196686651 1520621224.196686651 18.250385
1520621224246688651 1520621224.246688651 18.250385
1520621224297191195 1520621224.297191195 19.253473
1520621224347193195 1520621224.347193195 19.253473
1520621224397194195 1520621224.397194195 19.253473
1520621224447196195 1520621224.447196195 19.253473
1520621224497198195 1520621224.497198195 19.253473
1520621224547199195 1520621224.547199195 19.253473
1520621224597201195 1520621224.597201195 19.253473
1520621224647202195 1520621224.647202195 19.253473
1520621224697204195 1520621224.697204195 19.253473
1520621224747205195 1520621224.747205195 19.253473
1520621224797207195 1520621224.797207195 19.253473
1520621224847208195 1520621224.847208195 19.253473
1520621224897210195 1520621224.897210195 19.253473
1520621224947211195 1520621224.947211195 19.253473
1520621224997213195 1520621224.997213195 19.253473
1520621225047214195 1520621225.047214195 19.253473
1520621225097216195 1520621225.097216195 19.253473
1520621225146143651 1520621225.146143651 17.106385
1520621225196145651 1520621225.196145651 17.106385
1520621225246147651 1520621225.246147651 17.106385
1520621225296148651 1520621225.296148651 17.106385
1520621225346150651 1520621225.346150651 17.106385
1520621225396151651 1520621225.396151651 17.106385
1520621225446153651 1520621225.446153651 17.106385
1520621225496154651 1520621225.496154651 17.106385
1520621225543653143 1520621225.543653143 12.099368
1520621225593654143 1520621225.593654143 12.099368
1520621225643656143 1520621225.643656143 12.099368
1520621225693658143 1520621225.693658143 12.099368
1520621225743659143 1520621225.743659143 12.099368
1520621225793661143 1520621225.793661143 12.099368
1520621225843663143 1520621225.843663143 12.099368
1520621225893664143 1520621225.893664143 12.099368
1520621225942250704 1520621225.942250704 9.268491
1520621225992251704 1520621225.992251704 9.268491
1520621226042253704 1520621226.042253704 9.268491
1520621226092255704 1520621226.092255704 9.268491
1520621226142256704 1520621226.142256704 9.268491
1520621226192257704 1520621226.192257704 9.268491
1520621226242260704 1520621226.242260704 9.268491
1520621226292261704 1520621226.292261704 9.268491
1520621226340752037 1520621226.340752037 6.247157
1520621226390753037 1520621226.390753037 6.247157
1520621226440755037 1520621226.440755037 6.247157
1520621226490757037 1520621226.490757037 6.247157
1520621226540758037 1520621226.540758037 6.247157
1520621226590760037 1520621226.590760037 6.247157
1520621226640762037 1520621226.640762037 6.247157
1520621226690763037 1520621226.690763037 6.247157
1520621226739821441 1520621226.739821441 4.361964
1520621226789823441 1520621226.789823441 4.361964
1520621226839825441 1520621226.839825441 4.361964
1520621226889826441 1520621226.889826441 4.361964
1520621226939828441 1520621226.939828441 4.361964
1520621226989829441 1520621226.989829441 4.361964
1520621227039831441 1520621227.039831441 4.361964
1520621227089832441 1520621227.089832441 4.361964
1520621227139834441 1520621227.139834441 4.361964
1520621227191662809 1520621227.191662809 8.016701
1520621227241664809 1520621227.241664809 8.016701
1520621227291666809 1520621227.291666809 8.016701
1520621227341667809 1520621227.341667809 8.016701
1520621227391669809 1520621227.391669809 8.016701
1520621227441670809 1520621227.441670809 8.016701
1520621227491672809 1520621227.491672809 8.016701
1520621227541674809 1520621227.541674809 8.016701
1520621227592082336 1520621227.592082336 8.829754
1520621227642083336 1520621227.642083336 8.829754
1520621227692086336 1520621227.692086336 8.829754
1520621227742087336 1520621227.742087336 8.829754
1520621227792089336 1520621227.792089336 8.829754
1520621227842090336 1520621227.842090336 8.829754
1520621227892092336 1520621227.892092336 8.829754
1520621227942093336 1520621227.942093336 8.829754
1520621227990364371 1520621227.990364371 5.369824
1520621228040366371 1520621228.040366371 5.369824
1520621228090368371 1520621228.090368371 5.369824
1520621228140369371 1520621228.140369371 5.369824
1520621228190371371 1520621228.190371371 5.369824
1520621228240372371 1520621228.240372371 5.369824
1520621228290374371 1520621228.290374371 5.369824
1520621228340410371 1520621228.340410371 5.369824
1520621228391736178 1520621228.391736178 8.087438
1520621228441737178 1520621228.441737178 8.087438
1520621228491739178 1520621228.491739178 8.087438
1520621228541741178 1520621228.541741178 8.087438
1520621228591742178 1520621228.591742178 8.087438
1520621228641744178 1520621228.641744178 8.087438
1520621228691745178 1520621228.691745178 8.087438
1520621228741747178 1520621228.741747178 8.087438
1520621228796445090 1520621228.796445090 17.481263
1520621228846447090 1520621228.846447090 17.481263
1520621228896449090 1520621228.896449090 17.481263
1520621228946450090 1520621228.946450090 17.481263
1520621228996452090 1520621228.996452090 17.481263
1520621229046453090 1520621229.046453090 17.481263
1520621229096455090 1520621229.096455090 17.481263
1520621229146456090 1520621229.146456090 17.481263
1520621229197344195 1520621229.197344195 19.253473
1520621229247346195 1520621229.247346195 19.253473
1520621229297347195 1520621229.297347195 19.253473
1520621229347350195 1520621229.347350195 19.253473
1520621229397351195 1520621229.397351195 19.253473
1520621229447353195 1520621229.447353195 19.253473
1520621229497354195 1520621229.497354195 19.253473
1520621229547355195 1520621229.547355195 19.253473
1520621229597357195 1520621229.597357195 19.253473
1520621229647358195 1520621229.647358195 19.253473
1520621229697360195 1520621229.697360195 19.253473
1520621229747361195 1520621229.747361195 19.253473
1520621229797363195 1520621229.797363195 19.253473
1520621229847364195 1520621229.847364195 19.253473
1520621229897366195 1520621229.897366195 19.253473
1520621229947367195 1520621229.947367195 19.253473
1520621229997443195 1520621229.997443195 19.253473
1520621230044345511 1520621230.044345511 13.202105
1520621230094346511 1520621230.094346511 13.202105
1520621230144348511 1520621230.144348511 13.202105
1520621230194349511 1520621230.194349511 13.202105
1520621230244351511 1520621230.244351511 13.202105
1520621230294352511 1520621230.294352511 13.202105
1520621230344354511 1520621230.344354511 13.202105
1520621230394355511 1520621230.394355511 13.202105
1520621230440476880 1520621230.440476880 5.440842
1520621230490478880 1520621230.490478880 5.440842
1520621230540479880 1520621230.540479880 5.440842
1520621230590481880 1520621230.590481880 5.440842
1520621230640482880 1520621230.640482880 5.440842
1520621230690484880 1520621230.690484880 5.440842
1520621230740485880 1520621230.740485880 5.440842
1520621230790487880 1520621230.790487880 5.440842
1520621230840572248 1520621230.840572248 5.607578
1520621230890574248 1520621230.890574248 5.607578
1520621230940577248 1520621230.940577248 5.607578
1520621230990577248 1520621230.990577248 5.607578
1520621231040579248 1520621231.040579248 5.607578
1520621231090581248 1520621231.090581248 5.607578
1520621231140582248 1520621231.140582248 5.607578
1520621231190584248 1520621231.190584248 5.607578
1520621231242117809 1520621231.242117809 8.672701
1520621231292119809 1520621231.292119809 8.672701
1520621231342120809 1520621231.342120809 8.672701
1520621231392122809 1520621231.392122809 8.672701
1520621231442124809 1520621231.442124809 8.672701
1520621231492125809 1520621231.492125809 8.672701
1520621231542126809 1520621231.542126809 8.672701
1520621231592128809 1520621231.592128809 8.672701
1520621231639947423 1520621231.639947423 4.307929
1520621231689949423 1520621231.689949423 4.307929
1520621231739951423 1520621231.739951423 4.307929
1520621231789952423 1520621231.789952423 4.307929
1520621231839954423 1520621231.839954423 4.307929
1520621231889955423 1520621231.889955423 4.307929
1520621231939957423 1520621231.939957423 4.307929
1520621231989958423 1520621231.989958423 4.307929
1520621232039960423 1520621232.039960423 4.307929
1520621232091159266 1520621232.091159266 6.701614
1520621232141160266 1520621232.141160266 6.701614
1520621232191162266 1520621232.191162266 6.701614
1520621232241163266 1520621232.241163266 6.701614
1520621232291165266 1520621232.291165266 6.701614
1520621232341166266 1520621232.341166266 6.701614
1520621232391168266 1520621232.391168266 6.701614
1520621232441169266 1520621232.441169266 6.701614
1520621232496532459 1520621232.496532459 17.424
1520621232546534459 1520621232.546534459 17.424
1520621232596536459 1520621232.596536459 17.424
1520621232646537459 1520621232.646537459 17.424
1520621232696539459 1520621232.696539459 17.424
1520621232746540459 1520621232.746540459 17.424
1520621232796542459 1520621232.796542459 17.424
1520621232846544459 1520621232.846544459 17.424
1520621232897250932 1520621232.897250932 18.834947
1520621232947251932 1520621232.947251932 18.834947
1520621232997253932 1520621232.997253932 18.834947
1520621233047255932 1520621233.047255932 18.834947
1520621233097256932 1520621233.097256932 18.834947
1520621233147257932 1520621233.147257932 18.834947
1520621233197259932 1520621233.197259932 18.834947
1520621233247260932 1520621233.247260932 18.834947
1520621233293254090 1520621233.293254090 10.817263
1520621233343256090 1520621233.343256090 10.817263
1520621233393257090 1520621233.393257090 10.817263
1520621233443259090 1520621233.443259090 10.817263
1520621233493260090 1520621233.493260090 10.817263
1520621233543262090 1520621233.543262090 10.817263
1520621233593263090 1520621233.593263090 10.817263
1520621233643265090 1520621233.643265090 10.817263
1520621233691418739 1520621233.691418739 7.120561
1520621233741419739 1520621233.741419739 7.120561
1520621233791421739 1520621233.791421739 7.120561
1520621233841422739 1520621233.841422739 7.120561
1520621233891424739 1520621233.891424739 7.120561
1520621233941425739 1520621233.941425739 7.120561
1520621233991427739 1520621233.991427739 7.120561
1520621234041428739 1520621234.041428739 7.120561
1520621234091430739 1520621234.091430739 7.120561
1520621234139794774 1520621234.139794774 3.844631
1520621234189795774 1520621234.189795774 3.844631
1520621234239798774 1520621234.239798774 3.844631
1520621234289799774 1520621234.289799774 3.844631
1520621234339800774 1520621234.339800774 3.844631
1520621234389802774 1520621234.389802774 3.844631
1520621234439804774 1520621234.439804774 3.844631
1520621234489805774 1520621234.489805774 3.844631
1520621234541031616 1520621234.541031616 6.294315
1520621234591033616 1520621234.591033616 6.294315
1520621234641035616 1520621234.641035616 6.294315
1520621234691036616 1520621234.691036616 6.294315
1520621234741037616 1520621234.741037616 6.294315
1520621234791039616 1520621234.791039616 6.294315
1520621234841041616 1520621234.841041616 6.294315
1520621234891065616 1520621234.891065616 6.294315
1520621234941852757 1520621234.941852757 7.910596
1520621234991853757 1520621234.991853757 7.910596
1520621235041855757 1520621235.041855757 7.910596
1520621235091856757 1520621235.091856757 7.910596
1520621235141858757 1520621235.141858757 7.910596
1520621235191859757 1520621235.191859757 7.910596
1520621235241861757 1520621235.241861757 7.910596
1520621235291863757 1520621235.291863757 7.910596
1520621235340320336 1520621235.340320336 4.821754
1520621235390322336 1520621235.390322336 4.821754
1520621235440323336 1520621235.440323336 4.821754
1520621235490325336 1520621235.490325336 4.821754
1520621235540326336 1520621235.540326336 4.821754
1520621235590328336 1520621235.590328336 4.821754
1520621235640329336 1520621235.640329336 4.821754
1520621235690331336 1520621235.690331336 4.821754
1520621235741435230 1520621235.741435230 7.025543
1520621235791436230 1520621235.791436230 7.025543
1520621235841438230 1520621235.841438230 7.025543
1520621235891440230 1520621235.891440230 7.025543
1520621235941441230 1520621235.941441230 7.025543
1520621235991443230 1520621235.991443230 7.025543
1520621236041445230 1520621236.041445230 7.025543
1520621236091446230 1520621236.091446230 7.025543
1520621236147006827 1520621236.147006827 18.142736
1520621236197007827 1520621236.197007827 18.142736
1520621236247009827 1520621236.247009827 18.142736
1520621236297010827 1520621236.297010827 18.142736
1520621236347015827 1520621236.347015827 18.142736
1520621236397013827 1520621236.397013827 18.142736
1520621236447014827 1520621236.447014827 18.142736
1520621236497016827 1520621236.497016827 18.142736
1520621236547074827 1520621236.547074827 18.142736
1520621236597460669 1520621236.597460669 19.024421
1520621236647462669 1520621236.647462669 19.024421
1520621236697463669 1520621236.697463669 19.024421
1520621236747465669 1520621236.747465669 19.024421
1520621236797466669 1520621236.797466669 19.024421
1520621236847468669 1520621236.847468669 19.024421
1520621236897470669 1520621236.897470669 19.024421
1520621236947471669 1520621236.947471669 19.024421
1520621236996881950 1520621236.996881950 17.840982
1520621237046882950 1520621237.046882950 17.840982
1520621237096884950 1520621237.096884950 17.840982
1520621237146885950 1520621237.146885950 17.840982
1520621237196887950 1520621237.196887950 17.840982
1520621237246888950 1520621237.246888950 17.840982
1520621237296890950 1520621237.296890950 17.840982
1520621237346892950 1520621237.346892950 17.840982
1520621237397485669 1520621237.397485669 19.024421
1520621237447487669 1520621237.447487669 19.024421
1520621237497489669 1520621237.497489669 19.024421
1520621237547490669 1520621237.547490669 19.024421
1520621237597492669 1520621237.597492669 19.024421
1520621237647494669 1520621237.647494669 19.024421
1520621237697495669 1520621237.697495669 19.024421
1520621237747497669 1520621237.747497669 19.024421
1520621237797594880 1520621237.797594880 19.216842
1520621237847596880 1520621237.847596880 19.216842
1520621237897597880 1520621237.897597880 19.216842
1520621237947598880 1520621237.947598880 19.216842
1520621237997600880 1520621237.997600880 19.216842
1520621238047601880 1520621238.047601880 19.216842
1520621238097608880 1520621238.097608880 19.216842
1520621238147605880 1520621238.147605880 19.216842
1520621238197084441 1520621238.197084441 18.001964
1520621238247001441 1520621238.247001441 18.001964
1520621238297002441 1520621238.297002441 18.001964
1520621238347004441 1520621238.347004441 18.001964
1520621238397005441 1520621238.397005441 18.001964
1520621238447007441 1520621238.447007441 18.001964
1520621238497009441 1520621238.497009441 18.001964
1520621238547010441 1520621238.547010441 18.001964
1520621238597012441 1520621238.597012441 18.001964
1520621238647165441 1520621238.647165441 18.305964
1520621238697167441 1520621238.697167441 18.305964
1520621238747168441 1520621238.747168441 18.305964
1520621238797170441 1520621238.797170441 18.305964
1520621238847171441 1520621238.847171441 18.305964
1520621238897173441 1520621238.897173441 18.305964
1520621238947175441 1520621238.947175441 18.305964
1520621238997176441 1520621238.997176441 18.305964
1520621239047633880 1520621239.047633880 19.216842
1520621239097634880 1520621239.097634880 19.216842
1520621239147636880 1520621239.147636880 19.216842
1520621239197638880 1520621239.197638880 19.216842
1520621239247639880 1520621239.247639880 19.216842
1520621239297641880 1520621239.297641880 19.216842
1520621239347643880 1520621239.347643880 19.216842
1520621239397644880 1520621239.397644880 19.216842
1520621239447665195 1520621239.447665195 19.253473
1520621239497667195 1520621239.497667195 19.253473
1520621239547668195 1520621239.547668195 19.253473
1520621239597669195 1520621239.597669195 19.253473
1520621239647671195 1520621239.647671195 19.253473
1520621239697672195 1520621239.697672195 19.253473
1520621239747674195 1520621239.747674195 19.253473
1520621239797678195 1520621239.797678195 19.253473
1520621239847677195 1520621239.847677195 19.253473
1520621239897678195 1520621239.897678195 19.253473
1520621239947680195 1520621239.947680195 19.253473
1520621239997681195 1520621239.997681195 19.253473
1520621240047683195 1520621240.047683195 19.253473
1520621240097685195 1520621240.097685195 19.253473
1520621240147686195 1520621240.147686195 19.253473
1520621240197688195 1520621240.197688195 19.253473
1520621240247689195 1520621240.247689195 19.253473
1520621240297691195 1520621240.297691195 19.253473
1520621240347692195 1520621240.347692195 19.253473
1520621240397694195 1520621240.397694195 19.253473
1520621240447695195 1520621240.447695195 19.253473
1520621240497697195 1520621240.497697195 19.253473
1520621240547699195 1520621240.547699195 19.253473
1520621240597700195 1520621240.597700195 19.253473
1520621240647702195 1520621240.647702195 19.253473
1520621240697703195 1520621240.697703195 19.253473
1520621240747705195 1520621240.747705195 19.253473
1520621240797707195 1520621240.797707195 19.253473
1520621240847708195 1520621240.847708195 19.253473
1520621240897710195 1520621240.897710195 19.253473
1520621240947712195 1520621240.947712195 19.253473
1520621240997713195 1520621240.997713195 19.253473
1520621241047715195 1520621241.047715195 19.253473
1520621241097716195 1520621241.097716195 19.253473
1520621241147718195 1520621241.147718195 19.253473
1520621241197719195 1520621241.197719195 19.253473
1520621241247721195 1520621241.247721195 19.253473
1520621241297722195 1520621241.297722195 19.253473
1520621241347724195 1520621241.347724195 19.253473
1520621241397725195 1520621241.397725195 19.253473
1520621241447727195 1520621241.447727195 19.253473
1520621241497728195 1520621241.497728195 19.253473
1520621241547730195 1520621241.547730195 19.253473
1520621241597731195 1520621241.597731195 19.253473
1520621241647733195 1520621241.647733195 19.253473
1520621241697735195 1520621241.697735195 19.253473
1520621241747736195 1520621241.747736195 19.253473
1520621241797738195 1520621241.797738195 19.253473
1520621241847739195 1520621241.847739195 19.253473
1520621241897034950 1520621241.897034950 17.840982
1520621241947035950 1520621241.947035950 17.840982
1520621241997037950 1520621241.997037950 17.840982
1520621242047039950 1520621242.047039950 17.840982
1520621242097040950 1520621242.097040950 17.840982
1520621242147042950 1520621242.147042950 17.840982
1520621242197043950 1520621242.197043950 17.840982
1520621242247045950 1520621242.247045950 17.840982
1520621242296133055 1520621242.296133055 16.013192
1520621242346135055 1520621242.346135055 16.013192
1520621242396137055 1520621242.396137055 16.013192
1520621242446138055 1520621242.446138055 16.013192
1520621242496140055 1520621242.496140055 16.013192
1520621242546141055 1520621242.546141055 16.013192
1520621242596143055 1520621242.596143055 16.013192
1520621242646145055 1520621242.646145055 16.013192
1520621242692972651 1520621242.692972651 9.666385
1520621242742974651 1520621242.742974651 9.666385
1520621242792975651 1520621242.792975651 9.666385
1520621242842977651 1520621242.842977651 9.666385
1520621242892978651 1520621242.892978651 9.666385
1520621242942980651 1520621242.942980651 9.666385
1520621242992981651 1520621242.992981651 9.666385
1520621243042983651 1520621243.042983651 9.666385
1520621243090598739 1520621243.090598739 4.840561
1520621243140573739 1520621243.140573739 4.840561
1520621243190574739 1520621243.190574739 4.840561
1520621243240576739 1520621243.240576739 4.840561
1520621243290578739 1520621243.290578739 4.840561
1520621243340579739 1520621243.340579739 4.840561
1520621243390581739 1520621243.390581739 4.840561
1520621243440582739 1520621243.440582739 4.840561
1520621243490584739 1520621243.490584739 4.840561
1520621243539563704 1520621243.539563704 2.796491
1520621243589565704 1520621243.589565704 2.796491
1520621243639567704 1520621243.639567704 2.796491
1520621243689568704 1520621243.689568704 2.796491
1520621243739570704 1520621243.739570704 2.796491
1520621243789571704 1520621243.789571704 2.796491
1520621243839573704 1520621243.839573704 2.796491
1520621243889574704 1520621243.889574704 2.796491
1520621243939387792 1520621243.939387792 2.418666
1520621243989388792 1520621243.989388792 2.418666
1520621244039390792 1520621244.039390792 2.418666
1520621244089392792 1520621244.089392792 2.418666
1520621244139393792 1520621244.139393792 2.418666
1520621244189395792 1520621244.189395792 2.418666
1520621244239397792 1520621244.239397792 2.418666
1520621244289398792 1520621244.289398792 2.418666
1520621244339476090 1520621244.339476090 2.569263
1520621244389477090 1520621244.389477090 2.569263
1520621244439480090 1520621244.439480090 2.569263
1520621244489480090 1520621244.489480090 2.569263
1520621244539482090 1520621244.539482090 2.569263
1520621244589483090 1520621244.589483090 2.569263
1520621244639486090 1520621244.639486090 2.569263
1520621244689486090 1520621244.689486090 2.569263
1520621244740218266 1520621244.740218266 3.909614
1520621244790159266 1520621244.790159266 3.909614
1520621244840161266 1520621244.840161266 3.909614
1520621244890163266 1520621244.890163266 3.909614
1520621244940164266 1520621244.940164266 3.909614
1520621244990166266 1520621244.990166266 3.909614
1520621245040167266 1520621245.040167266 3.909614
1520621245090169266 1520621245.090169266 3.909614
1520621245140170827 1520621245.140170827 3.910736
1520621245190172827 1520621245.190172827 3.910736
1520621245240174827 1520621245.240174827 3.910736
1520621245290175827 1520621245.290175827 3.910736
1520621245340177827 1520621245.340177827 3.910736
1520621245390178827 1520621245.390178827 3.910736
1520621245440180827 1520621245.440180827 3.910736
1520621245490181827 1520621245.490181827 3.910736
1520621245540183827 1520621245.540183827 3.910736
1520621245589938459 1520621245.589938459 3.416
1520621245639939459 1520621245.639939459 3.416
1520621245689941459 1520621245.689941459 3.416
1520621245739943459 1520621245.739943459 3.416
1520621245789944459 1520621245.789944459 3.416
1520621245839946459 1520621245.839946459 3.416
1520621245889947459 1520621245.889947459 3.416
1520621245939949459 1520621245.939949459 3.416
1520621245989576511 1520621245.989576511 2.666105
1520621246039576511 1520621246.039576511 2.666105
1520621246089578511 1520621246.089578511 2.666105
1520621246139580511 1520621246.139580511 2.666105
1520621246189581511 1520621246.189581511 2.666105
1520621246239583511 1520621246.239583511 2.666105
1520621246289585511 1520621246.289585511 2.666105
1520621246339586511 1520621246.339586511 2.666105
1520621246389536353 1520621246.389536353 2.387789
1520621246439450353 1520621246.439450353 2.387789
1520621246489452353 1520621246.489452353 2.387789
1520621246539453353 1520621246.539453353 2.387789
1520621246589455353 1520621246.589455353 2.387789
1520621246639456353 1520621246.639456353 2.387789
1520621246689458353 1520621246.689458353 2.387789
1520621246739459353 1520621246.739459353 2.387789
1520621246789280020 1520621246.789280020 2.025122
1520621246839281020 1520621246.839281020 2.025122
1520621246889283020 1520621246.889283020 2.025122
1520621246939285020 1520621246.939285020 2.025122
1520621246989286020 1520621246.989286020 2.025122
1520621247039288020 1520621247.039288020 2.025122
1520621247089290020 1520621247.089290020 2.025122
1520621247139291020 1520621247.139291020 2.025122
1520621247189225932 1520621247.189225932 1.890947
1520621247239226932 1520621247.239226932 1.890947
1520621247289228932 1520621247.289228932 1.890947
1520621247339229932 1520621247.339229932 1.890947
1520621247389231932 1520621247.389231932 1.890947
1520621247439233932 1520621247.439233932 1.890947
1520621247489234932 1520621247.489234932 1.890947
1520621247539236932 1520621247.539236932 1.890947
1520621247589275283 1520621247.589275283 1.963649
1520621247639275283 1520621247.639275283 1.963649
1520621247689281283 1520621247.689281283 1.963649
1520621247739279283 1520621247.739279283 1.963649
1520621247789281283 1520621247.789281283 1.963649
1520621247839282283 1520621247.839282283 1.963649
1520621247889284283 1520621247.889284283 1.963649
1520621247939285283 1520621247.939285283 1.963649
1520621247989289283 1520621247.989289283 1.963649
1520621248039219371 1520621248.039219371 1.825824
1520621248089221371 1520621248.089221371 1.825824
1520621248139222371 1520621248.139222371 1.825824
1520621248189224371 1520621248.189224371 1.825824
1520621248239225371 1520621248.239225371 1.825824
1520621248289227371 1520621248.289227371 1.825824
1520621248339228371 1520621248.339228371 1.825824
1520621248389230371 1520621248.389230371 1.825824
1520621248439040915 1520621248.439040915 1.444912
1520621248489042915 1520621248.489042915 1.444912
1520621248539044915 1520621248.539044915 1.444912
1520621248589045915 1520621248.589045915 1.444912
1520621248639047915 1520621248.639047915 1.444912
1520621248689048915 1520621248.689048915 1.444912
1520621248739050915 1520621248.739050915 1.444912
1520621248789051915 1520621248.789051915 1.444912
1520621248838954195 1520621248.838954195 1.245473
1520621248888956195 1520621248.888956195 1.245473
1520621248938957195 1520621248.938957195 1.245473
1520621248988959195 1520621248.988959195 1.245473
1520621249038961195 1520621249.038961195 1.245473
1520621249088962195 1520621249.088962195 1.245473
1520621249138964195 1520621249.138964195 1.245473
1520621249188965195 1520621249.188965195 1.245473
1520621249239030985 1520621249.239030985 1.373052
1520621249289032985 1520621249.289032985 1.373052
1520621249339033985 1520621249.339033985 1.373052
1520621249389034985 1520621249.389034985 1.373052
1520621249439036985 1520621249.439036985 1.373052
1520621249489037985 1520621249.489037985 1.373052
1520621249539039985 1520621249.539039985 1.373052
1520621249589041985 1520621249.589041985 1.373052
1520621249639064178 1520621249.639064178 1.415438
1520621249689066178 1520621249.689066178 1.415438
1520621249739067178 1520621249.739067178 1.415438
1520621249789069178 1520621249.789069178 1.415438
1520621249839070178 1520621249.839070178 1.415438
1520621249889072178 1520621249.889072178 1.415438
1520621249939073178 1520621249.939073178 1.415438
1520621249989075178 1520621249.989075178 1.415438
1520621250039099546 1520621250.039099546 1.462175
1520621250089076704 1520621250.089076704 1.412491
1520621250139078704 1520621250.139078704 1.412491
1520621250189079704 1520621250.189079704 1.412491
1520621250239081704 1520621250.239081704 1.412491
1520621250289082704 1520621250.289082704 1.412491
1520621250339084704 1520621250.339084704 1.412491
1520621250389085704 1520621250.389085704 1.412491
1520621250439087704 1520621250.439087704 1.412491
1520621250489121002 1520621250.489121002 1.475087
1520621250539122002 1520621250.539122002 1.475087
1520621250589124002 1520621250.589124002 1.475087
1520621250639126002 1520621250.639126002 1.475087
1520621250689127002 1520621250.689127002 1.475087
1520621250739129002 1520621250.739129002 1.475087
1520621250789130002 1520621250.789130002 1.475087
1520621250839132002 1520621250.839132002 1.475087
1520621250889163055 1520621250.889163055 1.533192
1520621250939168055 1520621250.939168055 1.533192
1520621250989165055 1520621250.989165055 1.533192
1520621251039167055 1520621251.039167055 1.533192
1520621251089169055 1520621251.089169055 1.533192
1520621251139170055 1520621251.139170055 1.533192
1520621251189171055 1520621251.189171055 1.533192
1520621251239173055 1520621251.239173055 1.533192
1520621251289178073 1520621251.289178073 1.491228
1520621251339155073 1520621251.339155073 1.491228
1520621251389157073 1520621251.389157073 1.491228
1520621251439158073 1520621251.439158073 1.491228
1520621251489160073 1520621251.489160073 1.491228
1520621251539161073 1520621251.539161073 1.491228
1520621251589163073 1520621251.589163073 1.491228
1520621251639164073 1520621251.639164073 1.491228
1520621251689147757 1520621251.689147757 1.454596
1520621251739149757 1520621251.739149757 1.454596
1520621251789150757 1520621251.789150757 1.454596
1520621251839152757 1520621251.839152757 1.454596
1520621251889153757 1520621251.889153757 1.454596
1520621251939155757 1520621251.939155757 1.454596
1520621251989156757 1520621251.989156757 1.454596
1520621252039158757 1520621252.039158757 1.454596
1520621252089162090 1520621252.089162090 1.457263
1520621252139163090 1520621252.139163090 1.457263
1520621252189165090 1520621252.189165090 1.457263
1520621252239166090 1520621252.239166090 1.457263
1520621252289168090 1520621252.289168090 1.457263
1520621252339170090 1520621252.339170090 1.457263
1520621252389172090 1520621252.389172090 1.457263
1520621252439173090 1520621252.439173090 1.457263
1520621252489175090 1520621252.489175090 1.457263
1520621252539245704 1520621252.539245704 1.596491
1520621252589246704 1520621252.589246704 1.596491
1520621252639251704 1520621252.639251704 1.596491
1520621252689250704 1520621252.689250704 1.596491
1520621252739251704 1520621252.739251704 1.596491
1520621252789252704 1520621252.789252704 1.596491
1520621252839254704 1520621252.839254704 1.596491
1520621252889256704 1520621252.889256704 1.596491
1520621252939221985 1520621252.939221985 1.413052
1520621252989167985 1520621252.989167985 1.413052
1520621253039168985 1520621253.039168985 1.413052
1520621253089170985 1520621253.089170985 1.413052
1520621253139171985 1520621253.139171985 1.413052
1520621253189173985 1520621253.189173985 1.413052
1520621253239174985 1520621253.239174985 1.413052
1520621253289176985 1520621253.289176985 1.413052
1520621253339153581 1520621253.339153581 1.362245
1520621253389154581 1520621253.389154581 1.362245
1520621253439156581 1520621253.439156581 1.362245
1520621253489157581 1520621253.489157581 1.362245
1520621253539159581 1520621253.539159581 1.362245
1520621253589160581 1520621253.589160581 1.362245
1520621253639162581 1520621253.639162581 1.362245
1520621253689164581 1520621253.689164581 1.362245
1520621253739192459 1520621253.739192459 1.416
1520621253789194459 1520621253.789194459 1.416
1520621253839195459 1520621253.839195459 1.416
1520621253889197459 1520621253.889197459 1.416
1520621253939198459 1520621253.939198459 1.416
1520621253989201459 1520621253.989201459 1.416
1520621254039202459 1520621254.039202459 1.416
1520621254089204459 1520621254.089204459 1.416
1520621254139276757 1520621254.139276757 1.558596
1520621254189278757 1520621254.189278757 1.558596
1520621254239279757 1520621254.239279757 1.558596
1520621254289281757 1520621254.289281757 1.558596
1520621254339282757 1520621254.339282757 1.558596
1520621254389288757 1520621254.389288757 1.558596
1520621254439285757 1520621254.439285757 1.558596
1520621254489287757 1520621254.489287757 1.558596
1520621254539201950 1520621254.539201950 1.384982
1520621254589292950 1520621254.589292950 1.384982
1520621254639204950 1520621254.639204950 1.384982
1520621254689206950 1520621254.689206950 1.384982
1520621254739207950 1520621254.739207950 1.384982
1520621254789209950 1520621254.789209950 1.384982
1520621254839210950 1520621254.839210950 1.384982
1520621254889212950 1520621254.889212950 1.384982
1520621254939214950 1520621254.939214950 1.384982
1520621254989156932 1520621254.989156932 1.266947
1520621255039158932 1520621255.039158932 1.266947
1520621255089159932 1520621255.089159932 1.266947
1520621255139161932 1520621255.139161932 1.266947
1520621255189162932 1520621255.189162932 1.266947
1520621255239164932 1520621255.239164932 1.266947
1520621255289166932 1520621255.289166932 1.266947
1520621255339167932 1520621255.339167932 1.266947
1520621255389440669 1520621255.389440669 1.808421
1520621255439441669 1520621255.439441669 1.808421
1520621255489443669 1520621255.489443669 1.808421
1520621255539445669 1520621255.539445669 1.808421
1520621255589447669 1520621255.589447669 1.808421
1520621255639448669 1520621255.639448669 1.808421
1520621255689449669 1520621255.689449669 1.808421
1520621255739451669 1520621255.739451669 1.808421
1520621255789279336 1520621255.789279336 1.461754
1520621255839281336 1520621255.839281336 1.461754
1520621255889282336 1520621255.889282336 1.461754
1520621255939284336 1520621255.939284336 1.461754
1520621255989285336 1520621255.989285336 1.461754
1520621256039288336 1520621256.039288336 1.461754
1520621256089289336 1520621256.089289336 1.461754
1520621256139290336 1520621256.139290336 1.461754
1520621256189174230 1520621256.189174230 1.225543
1520621256239175230 1520621256.239175230 1.225543
1520621256289177230 1520621256.289177230 1.225543
1520621256339178230 1520621256.339178230 1.225543
1520621256389180230 1520621256.389180230 1.225543
1520621256439181230 1520621256.439181230 1.225543
1520621256489183230 1520621256.489183230 1.225543
1520621256539185230 1520621256.539185230 1.225543
1520621256589282371 1520621256.589282371 1.417824
1520621256639284371 1520621256.639284371 1.417824
1520621256689285371 1520621256.689285371 1.417824
1520621256739287371 1520621256.739287371 1.417824
1520621256789288371 1520621256.789288371 1.417824
1520621256839290371 1520621256.839290371 1.417824
1520621256889292371 1520621256.889292371 1.417824
1520621256939293371 1520621256.939293371 1.417824
1520621256989232353 1520621256.989232353 1.291789
1520621257039233353 1520621257.039233353 1.291789
1520621257089235353 1520621257.089235353 1.291789
1520621257139237353 1520621257.139237353 1.291789
1520621257189239353 1520621257.189239353 1.291789
1520621257239240353 1520621257.239240353 1.291789
1520621257289242353 1520621257.289242353 1.291789
1520621257339243353 1520621257.339243353 1.291789
1520621257389245353 1520621257.389245353 1.291789
1520621257439370301 1520621257.439370301 1.537684
1520621257489371301 1520621257.489371301 1.537684
1520621257539372301 1520621257.539372301 1.537684
1520621257589378301 1520621257.589378301 1.537684
1520621257639375301 1520621257.639375301 1.537684
1520621257689377301 1520621257.689377301 1.537684
1520621257739378301 1520621257.739378301 1.537684
1520621257789380301 1520621257.789380301 1.537684
1520621257839360108 1520621257.839360108 1.487298
1520621257889358108 1520621257.889358108 1.487298
1520621257939359108 1520621257.939359108 1.487298
1520621257989361108 1520621257.989361108 1.487298
1520621258039362108 1520621258.039362108 1.487298
1520621258089364108 1520621258.089364108 1.487298
1520621258139366108 1520621258.139366108 1.487298
1520621258189367108 1520621258.189367108 1.487298
1520621258239450511 1520621258.239450511 1.650105
1520621258289451511 1520621258.289451511 1.650105
1520621258339453511 1520621258.339453511 1.650105
1520621258389454511 1520621258.389454511 1.650105
1520621258439456511 1520621258.439456511 1.650105
1520621258489458511 1520621258.489458511 1.650105
1520621258539459511 1520621258.539459511 1.650105
1520621258589461511 1520621258.589461511 1.650105
1520621258639407634 1520621258.639407634 1.54035
1520621258689409634 1520621258.689409634 1.54035
1520621258739410634 1520621258.739410634 1.54035
1520621258789412634 1520621258.789412634 1.54035
1520621258839414634 1520621258.839414634 1.54035
1520621258889415634 1520621258.889415634 1.54035
1520621258939417634 1520621258.939417634 1.54035
1520621258989418634 1520621258.989418634 1.54035
1520621259039252564 1520621259.039252564 1.20421
1520621259089253564 1520621259.089253564 1.20421
1520621259139255564 1520621259.139255564 1.20421
1520621259189257564 1520621259.189257564 1.20421
1520621259239258564 1520621259.239258564 1.20421
1520621259289260564 1520621259.289260564 1.20421
1520621259339261564 1520621259.339261564 1.20421
1520621259389263564 1520621259.389263564 1.20421
1520621259439270599 1520621259.439270599 1.21628
1520621259489310599 1520621259.489310599 1.21628
1520621259539273599 1520621259.539273599 1.21628
1520621259589275599 1520621259.589275599 1.21628
1520621259639276599 1520621259.639276599 1.21628
1520621259689278599 1520621259.689278599 1.21628
1520621259739280599 1520621259.739280599 1.21628
1520621259789281599 1520621259.789281599 1.21628
1520621259839283599 1520621259.839283599 1.21628
1520621259889309511 1520621259.889309511 1.266105
1520621259939311511 1520621259.939311511 1.266105
1520621259989312511 1520621259.989312511 1.266105
1520621260039314511 1520621260.039314511 1.266105
1520621260089316511 1520621260.089316511 1.266105
1520621260139317511 1520621260.139317511 1.266105
1520621260189319511 1520621260.189319511 1.266105
1520621260239320511 1520621260.239320511 1.266105
1520621260289389529 1520621260.289389529 1.40014
1520621260339390529 1520621260.339390529 1.40014
1520621260389392529 1520621260.389392529 1.40014
1520621260439394529 1520621260.439394529 1.40014
1520621260489396529 1520621260.489396529 1.40014
1520621260539397529 1520621260.539397529 1.40014
1520621260589399529 1520621260.589399529 1.40014
1520621260639401529 1520621260.639401529 1.40014
1520621260689657055 1520621260.689657055 1.909192
1520621260739658055 1520621260.739658055 1.909192
1520621260789660055 1520621260.789660055 1.909192
1520621260839661055 1520621260.839661055 1.909192
1520621260889663055 1520621260.889663055 1.909192
1520621260939664055 1520621260.939664055 1.909192
1520621260989666055 1520621260.989666055 1.909192
1520621261039668055 1520621261.039668055 1.909192
1520621261089677827 1520621261.089677827 1.926736
1520621261139752827 1520621261.139752827 1.926736
1520621261189680827 1520621261.189680827 1.926736
1520621261239681827 1520621261.239681827 1.926736
1520621261289683827 1520621261.289683827 1.926736
1520621261339685827 1520621261.339685827 1.926736
1520621261389686827 1520621261.389686827 1.926736
1520621261439688827 1520621261.439688827 1.926736
1520621261489448985 1520621261.489448985 1.445052
1520621261539450985 1520621261.539450985 1.445052
1520621261589451985 1520621261.589451985 1.445052
1520621261639453985 1520621261.639453985 1.445052
1520621261689455985 1520621261.689455985 1.445052
1520621261739456985 1520621261.739456985 1.445052
1520621261789458985 1520621261.789458985 1.445052
1520621261839459985 1520621261.839459985 1.445052
1520621261889461985 1520621261.889461985 1.445052
1520621261939325809 1520621261.939325809 1.168701
1520621261989326809 1520621261.989326809 1.168701
1520621262039327809 1520621262.039327809 1.168701
1520621262089329809 1520621262.089329809 1.168701
1520621262139331809 1520621262.139331809 1.168701
1520621262189332809 1520621262.189332809 1.168701
1520621262239335809 1520621262.239335809 1.168701
1520621262289336809 1520621262.289336809 1.168701
1520621262339380406 1520621262.339380406 1.253894
1520621262389382406 1520621262.389382406 1.253894
1520621262439383406 1520621262.439383406 1.253894
1520621262489385406 1520621262.489385406 1.253894
1520621262539386406 1520621262.539386406 1.253894
1520621262589388406 1520621262.589388406 1.253894
1520621262639390406 1520621262.639390406 1.253894
1520621262689391406 1520621262.689391406 1.253894
1520621262739525950 1520621262.739525950 1.520982
1520621262789527950 1520621262.789527950 1.520982
1520621262839528950 1520621262.839528950 1.520982
1520621262889530950 1520621262.889530950 1.520982
1520621262939532950 1520621262.939532950 1.520982
1520621262989533950 1520621262.989533950 1.520982
1520621263039535950 1520621263.039535950 1.520982
1520621263089536950 1520621263.089536950 1.520982
1520621263139531651 1520621263.139531651 1.506385
1520621263189532651 1520621263.189532651 1.506385
1520621263239534651 1520621263.239534651 1.506385
1520621263289536651 1520621263.289536651 1.506385
1520621263339537651 1520621263.339537651 1.506385
1520621263389539651 1520621263.389539651 1.506385
1520621263439540651 1520621263.439540651 1.506385
1520621263489542651 1520621263.489542651 1.506385
1520621263539738897 1520621263.539738897 1.894877
1520621263589739897 1520621263.589739897 1.894877
1520621263639741897 1520621263.639741897 1.894877
1520621263689742897 1520621263.689742897 1.894877
1520621263739744897 1520621263.739744897 1.894877
1520621263789745897 1520621263.789745897 1.894877
1520621263839747897 1520621263.839747897 1.894877
1520621263889749897 1520621263.889749897 1.894877
1520621263939842546 1520621263.939842546 2.078175
1520621263989844546 1520621263.989844546 2.078175
1520621264039845546 1520621264.039845546 2.078175
1520621264089847546 1520621264.089847546 2.078175
1520621264139848546 1520621264.139848546 2.078175
1520621264189850546 1520621264.189850546 2.078175
1520621264239852546 1520621264.239852546 2.078175
1520621264289853546 1520621264.289853546 2.078175
1520621264339855546 1520621264.339855546 2.078175
1520621264389584757 1520621264.389584757 1.534596
1520621264439586757 1520621264.439586757 1.534596
1520621264489587757 1520621264.489587757 1.534596
1520621264539589757 1520621264.539589757 1.534596
1520621264589590757 1520621264.589590757 1.534596
1520621264639592757 1520621264.639592757 1.534596
1520621264689593757 1520621264.689593757 1.534596
1520621264739595757 1520621264.739595757 1.534596
1520621264789453880 1520621264.789453880 1.248842
1520621264839455880 1520621264.839455880 1.248842
1520621264889457880 1520621264.889457880 1.248842
1520621264939458880 1520621264.939458880 1.248842
1520621264989460880 1520621264.989460880 1.248842
1520621265039461880 1520621265.039461880 1.248842
1520621265089463880 1520621265.089463880 1.248842
1520621265139464880 1520621265.139464880 1.248842
1520621265189616423 1520621265.189616423 1.547929
1520621265239617423 1520621265.239617423 1.547929
1520621265289619423 1520621265.289619423 1.547929
1520621265339621423 1520621265.339621423 1.547929
1520621265389622423 1520621265.389622423 1.547929
1520621265439624423 1520621265.439624423 1.547929
1520621265489626423 1520621265.489626423 1.547929
1520621265539627423 1520621265.539627423 1.547929
1520621265589981844 1520621265.589981844 2.252771
1520621265639983844 1520621265.639983844 2.252771
1520621265689984844 1520621265.689984844 2.252771
1520621265739985844 1520621265.739985844 2.252771
1520621265789991844 1520621265.789991844 2.252771
1520621265839989844 1520621265.839989844 2.252771
1520621265889990844 1520621265.889990844 2.252771
1520621265939991844 1520621265.939991844 2.252771
1520621265990137143 1520621265.990137143 2.539368
1520621266040154143 1520621266.040154143 2.539368
1520621266090140143 1520621266.090140143 2.539368
1520621266140142143 1520621266.140142143 2.539368
1520621266190143143 1520621266.190143143 2.539368
1520621266240145143 1520621266.240145143 2.539368
1520621266290146143 1520621266.290146143 2.539368
1520621266340148143 1520621266.340148143 2.539368
1520621266390149143 1520621266.390149143 2.539368
1520621266440282020 1520621266.440282020 2.801122
1520621266490284020 1520621266.490284020 2.801122
1520621266540285020 1520621266.540285020 2.801122
1520621266590287020 1520621266.590287020 2.801122
1520621266640288020 1520621266.640288020 2.801122
1520621266690290020 1520621266.690290020 2.801122
1520621266740291020 1520621266.740291020 2.801122
1520621266790293020 1520621266.790293020 2.801122
1520621266839957178 1520621266.839957178 2.127438
1520621266889959178 1520621266.889959178 2.127438
1520621266939961178 1520621266.939961178 2.127438
1520621266989963178 1520621266.989963178 2.127438
1520621267039964178 1520621267.039964178 2.127438
1520621267089966178 1520621267.089966178 2.127438
1520621267139967178 1520621267.139967178 2.127438
1520621267189969178 1520621267.189969178 2.127438
1520621267239810336 1520621267.239810336 1.805754
1520621267289811336 1520621267.289811336 1.805754
1520621267339813336 1520621267.339813336 1.805754
1520621267389814336 1520621267.389814336 1.805754
1520621267439816336 1520621267.439816336 1.805754
1520621267489817336 1520621267.489817336 1.805754
1520621267539818336 1520621267.539818336 1.805754
1520621267589820336 1520621267.589820336 1.805754
1520621267639760634 1520621267.639760634 1.68435
1520621267689811634 1520621267.689811634 1.68435
1520621267739764634 1520621267.739764634 1.68435
1520621267789765634 1520621267.789765634 1.68435
1520621267839767634 1520621267.839767634 1.68435
1520621267889768634 1520621267.889768634 1.68435
1520621267939770634 1520621267.939770634 1.68435
1520621267989771634 1520621267.989771634 1.68435
1520621268039870757 1520621268.039870757 1.878596
1520621268089872757 1520621268.089872757 1.878596
1520621268139873757 1520621268.139873757 1.878596
1520621268189875757 1520621268.189875757 1.878596
1520621268239876757 1520621268.239876757 1.878596
1520621268289878757 1520621268.289878757 1.878596
1520621268339879757 1520621268.339879757 1.878596
1520621268389881757 1520621268.389881757 1.878596
1520621268440059687 1520621268.440059687 2.230456
1520621268490060687 1520621268.490060687 2.230456
1520621268540062687 1520621268.540062687 2.230456
1520621268590063687 1520621268.590063687 2.230456
1520621268640065687 1520621268.640065687 2.230456
1520621268690067687 1520621268.690067687 2.230456
1520621268740069687 1520621268.740069687 2.230456
1520621268790070687 1520621268.790070687 2.230456
1520621268840071687 1520621268.840071687 2.230456
1520621268889868213 1520621268.889868213 1.819508
1520621268939869213 1520621268.939869213 1.819508
1520621268989871213 1520621268.989871213 1.819508
1520621269039872213 1520621269.039872213 1.819508
1520621269089874213 1520621269.089874213 1.819508
1520621269139877213 1520621269.139877213 1.819508
1520621269189877213 1520621269.189877213 1.819508
1520621269239880213 1520621269.239880213 1.819508
1520621269289766880 1520621269.289766880 1.592842
1520621269339847880 1520621269.339847880 1.592842
1520621269389769880 1520621269.389769880 1.592842
1520621269439771880 1520621269.439771880 1.592842
1520621269489772880 1520621269.489772880 1.592842
1520621269539774880 1520621269.539774880 1.592842
1520621269589775880 1520621269.589775880 1.592842
1520621269639777880 1520621269.639777880 1.592842
1520621269689914266 1520621269.689914266 1.861614
1520621269739915266 1520621269.739915266 1.861614
1520621269789917266 1520621269.789917266 1.861614
1520621269839918266 1520621269.839918266 1.861614
1520621269889920266 1520621269.889920266 1.861614
1520621269939921266 1520621269.939921266 1.861614
1520621269989923266 1520621269.989923266 1.861614
1520621270039925266 1520621270.039925266 1.861614
1520621270089969915 1520621270.089969915 1.948912
1520621270139971915 1520621270.139971915 1.948912
1520621270189972915 1520621270.189972915 1.948912
1520621270239974915 1520621270.239974915 1.948912
1520621270289976915 1520621270.289976915 1.948912
1520621270339977915 1520621270.339977915 1.948912
1520621270389979915 1520621270.389979915 1.948912
1520621270439980915 1520621270.439980915 1.948912
1520621270489944108 1520621270.489944108 1.871298
1520621270539945108 1520621270.539945108 1.871298
1520621270589947108 1520621270.589947108 1.871298
1520621270639948108 1520621270.639948108 1.871298
1520621270689950108 1520621270.689950108 1.871298
1520621270739951108 1520621270.739951108 1.871298
1520621270789954108 1520621270.789954108 1.871298
1520621270839955108 1520621270.839955108 1.871298
1520621270889923757 1520621270.889923757 1.806596
1520621270939927757 1520621270.939927757 1.806596
1520621270989926757 1520621270.989926757 1.806596
1520621271039928757 1520621271.039928757 1.806596
1520621271089929757 1520621271.089929757 1.806596
1520621271139931757 1520621271.139931757 1.806596
1520621271189932757 1520621271.189932757 1.806596
1520621271239934757 1520621271.239934757 1.806596
1520621271289936757 1520621271.289936757 1.806596
1520621271339889266 1520621271.339889266 1.709614
1520621271389891266 1520621271.389891266 1.709614
1520621271439892266 1520621271.439892266 1.709614
1520621271489894266 1520621271.489894266 1.709614
1520621271539895266 1520621271.539895266 1.709614
1520621271589897266 1520621271.589897266 1.709614
1520621271639898266 1520621271.639898266 1.709614
1520621271689900266 1520621271.689900266 1.709614
1520621271739892511 1520621271.739892511 1.690105
1520621271789893511 1520621271.789893511 1.690105
1520621271839895511 1520621271.839895511 1.690105
1520621271889896511 1520621271.889896511 1.690105
1520621271939898511 1520621271.939898511 1.690105
1520621271989900511 1520621271.989900511 1.690105
1520621272039901511 1520621272.039901511 1.690105
1520621272089903511 1520621272.089903511 1.690105
1520621272139934195 1520621272.139934195 1.749473
1520621272189937195 1520621272.189937195 1.749473
1520621272239938195 1520621272.239938195 1.749473
1520621272289939195 1520621272.289939195 1.749473
